1368 1366
-4.960017 -0.264429 0
0 0.166667
5.024775 0.286878 0
1 0.166667
-5.008320 10.000000 0
0 0.333333
4.976897 10.543540 0
1 0.333333
-5.055984 10.875648 0
0 0.500000
4.929714 11.410295 0
1 0.500000
-5.102906 11.752075 0
0 0.666667
4.883318 12.276801 0
1 0.666667
-12.219256 44.660043 0
0 0.333333
-4.954715 51.532193 0
1 0.333333
-13.036485 45.509058 0
0 0.666667
-6.058304 52.671807 0
1 0.666667
-13.464468 45.927203 0
0 0.833333
-6.619737 53.217584 0
1 0.833333
-13.906288 46.343003 0
0 1.000000
-7.186342 53.748564 0
1 1.000000
-14.361506 46.756895 0
0 0.000000
-7.757626 54.266140 0
1 0.000000
-14.825689 47.165883 0
0 0.166667
-8.336762 54.774682 0
1 0.166667
-15.297722 47.569187 0
0 0.333333
-8.924182 55.274899 0
1 0.333333
-15.774940 47.964682 0
0 0.500000
-9.521553 55.768217 0
1 0.500000
-16.251644 48.347650 0
0 0.666667
-10.134242 56.258238 0
1 0.666667
-16.724901 48.714886 0
0 0.833333
-10.766561 56.745963 0
1 0.833333
-17.190724 49.062242 0
0 1.000000
-11.424838 57.232588 0
1 1.000000
-17.654149 49.391455 0
0 0.000000
-12.107860 57.712433 0
1 0.000000
-18.121112 49.705132 0
0 0.166667
-12.813508 58.180352 0
1 0.166667
-18.601217 50.008165 0
0 0.333333
-13.535785 58.630310 0
1 0.333333
-19.109834 50.308781 0
0 0.500000
-14.261315 59.054744 0
1 0.500000
-19.653631 50.611412 0
0 0.666667
-14.982620 59.453451 0
1 0.666667
-20.224483 50.913805 0
0 0.833333
-15.705390 59.834444 0
1 0.833333
-20.812159 51.212252 0
0 1.000000
-16.438325 60.205003 0
1 1.000000
-21.407197 51.502509 0
0 0.000000
-17.190948 60.570212 0
1 0.000000
-22.001124 51.779848 0
0 0.166667
-17.973186 60.932755 0
1 0.166667
-22.595961 52.043142 0
0 0.333333
-18.785262 61.288604 0
1 0.333333
-23.196398 52.292391 0
0 0.500000
-19.623289 61.632246 0
1 0.500000
-23.801706 52.525995 0
0 0.666667
-20.487386 61.960786 0
1 0.666667
-24.415837 52.743905 0
0 0.833333
-21.373087 62.269748 0
1 0.833333
-25.042489 52.946247 0
0 1.000000
-22.275305 62.555758 0
1 1.000000
-25.682937 53.132789 0
0 0.000000
-23.190902 62.817300 0
1 0.000000
-26.339878 53.303797 0
0 0.166667
-24.115833 63.053342 0
1 0.166667
-27.016894 53.459948 0
0 0.333333
-25.045442 63.263691 0
1 0.333333
-27.721443 53.602918 0
0 0.500000
-25.971057 63.448533 0
1 0.500000
-28.452979 53.733890 0
0 0.666667
-26.890016 63.610992 0
1 0.666667
-29.201770 53.853118 0
0 0.833333
-27.807755 63.755477 0
1 0.833333
-29.959213 53.960446 0
0 1.000000
-28.730045 63.884615 0
1 1.000000
-30.722383 54.055671 0
0 0.000000
-29.659070 63.998979 0
1 0.000000
-31.489312 54.138423 0
0 0.166667
-30.596619 64.098499 0
1 0.166667
-32.263438 54.208524 0
0 0.333333
-31.539344 64.182274 0
1 0.333333
-33.047230 54.266082 0
0 0.500000
-32.484326 64.250226 0
1 0.500000
-33.839750 54.311365 0
0 0.666667
-33.431652 64.303034 0
1 0.666667
-34.644030 54.344718 0
0 0.833333
-34.377619 64.341168 0
1 0.833333
-35.466972 54.366973 0
0 1.000000
-35.314243 64.365807 0
1 1.000000
-36.311519 54.380024 0
0 0.000000
-36.236436 64.379742 0
1 0.000000
-37.174002 54.386554 0
0 0.166667
-37.145235 64.386512 0
1 0.166667
-38.049295 54.389085 0
0 0.333333
-38.043707 64.389083 0
1 0.333333
-38.933760 54.389580 0
0 0.500000
-38.934227 64.389580 0
1 0.500000
-39.821644 54.389539 0
0 0.666667
-39.821651 64.389539 0
1 0.666667
-40.709365 54.389538 0
0 0.833333
-40.709213 64.389538 0
1 0.833333
-41.596911 54.389552 0
0 1.000000
-41.596941 64.389552 0
1 1.000000
-42.484571 54.389549 0
0 0.000000
-42.484567 64.389549 0
1 0.000000
-43.372220 54.389549 0
0 0.166667
-43.372201 64.389549 0
1 0.166667
-44.259856 54.389551 0
0 0.333333
-44.259848 64.389551 0
1 0.333333
-46.035071 54.389549 0
0 0.666667
-46.035196 64.389549 0
1 0.666667
-46.921180 54.389539 0
0 0.833333
-46.924348 64.389538 0
1 0.833333
-47.798986 54.389270 0
0 1.000000
-47.821264 64.389245 0
1 1.000000
-48.661838 54.387399 0
0 0.000000
-48.729749 64.387169 0
1 0.000000
-50.315475 54.369926 0
0 0.333333
-50.588241 64.366205 0
1 0.333333
-51.099097 54.349191 0
0 0.500000
-51.532748 64.339784 0
1 0.500000
-51.849463 54.317632 0
0 0.666667
-52.483812 64.297492 0
1 0.666667
-53.236592 54.216431 0
0 1.000000
-54.397413 64.148828 0
1 1.000000
-53.871319 54.144879 0
0 0.000000
-55.352550 64.034569 0
1 0.000000
-54.469723 54.058421 0
0 0.166667
-56.300061 63.889487 0
1 0.166667
-55.573159 53.839349 0
0 0.500000
-58.157575 63.499618 0
1 0.500000
-56.088698 53.705649 0
0 0.666667
-59.061142 63.253663 0
1 0.666667
-56.587256 53.554755 0
0 0.833333
-59.944791 62.974255 0
1 0.833333
-57.539978 53.202282 0
0 0.000000
-61.658434 62.314818 0
1 0.000000
-57.995440 53.001249 0
0 0.166667
-62.491973 61.933280 0
1 0.166667
-58.439054 52.782961 0
0 0.333333
-63.310308 61.516282 0
1 0.333333
-59.306381 52.284487 0
0 0.666667
-64.889369 60.580886 0
1 0.666667
-59.744832 51.993724 0
0 0.833333
-65.636785 60.073631 0
1 0.833333
-60.194504 51.669218 0
0 1.000000
-66.350985 59.549430 0
1 1.000000
-60.659275 51.308558 0
0 0.000000
-67.032209 59.014771 0
1 0.000000
-61.138965 50.913546 0
0 0.166667
-67.685862 58.472523 0
1 0.166667
-61.633362 50.486439 0
0 0.333333
-68.316733 57.925025 0
1 0.333333
-62.137886 50.033907 0
0 0.500000
-68.932943 57.370609 0
1 0.500000
-62.644810 49.565096 0
0 0.666667
-69.543503 56.804435 0
1 0.666667
-63.144941 49.089349 0
0 0.833333
-70.156413 56.219514 0
1 0.833333
-63.631092 48.612522 0
0 1.000000
-70.774950 55.610043 0
1 1.000000
-64.105930 48.129237 0
0 0.000000
-71.390858 54.979772 0
1 0.000000
-64.570185 47.637202 0
0 0.166667
-71.999462 54.330919 0
1 0.166667
-65.021100 47.138654 0
0 0.333333
-72.600125 53.662333 0
1 0.333333
-65.451585 46.641062 0
0 0.500000
-73.195830 52.967725 0
1 0.500000
-65.858418 46.146427 0
0 0.666667
-73.783706 52.244772 0
1 0.666667
-66.240138 45.654662 0
0 0.833333
-74.358989 51.492835 0
1 0.833333
-66.600168 45.158935 0
0 1.000000
-74.912770 50.717770 0
1 1.000000
-66.941486 44.653801 0
0 0.000000
-75.439415 49.924967 0
1 0.000000
-67.265886 44.136206 0
0 0.166667
-75.936654 49.117953 0
1 0.166667
-67.573566 43.606202 0
0 0.333333
-76.404666 48.297861 0
1 0.333333
-67.864481 43.064286 0
0 0.500000
-76.843960 47.465304 0
1 0.500000
-68.137694 42.512883 0
0 0.666667
-77.255858 46.618864 0
1 0.666667
-68.392817 41.952876 0
0 0.833333
-77.640700 45.757698 0
1 0.833333
-68.629254 41.385495 0
0 1.000000
-77.998761 44.880112 0
1 1.000000
-68.847494 40.808399 0
0 0.000000
-78.328823 43.987141 0
1 0.000000
-69.048028 40.218969 0
0 0.166667
-78.629871 43.080488 0
1 0.166667
-69.231005 39.615652 0
0 0.333333
-78.901474 42.161635 0
1 0.333333
-69.397165 38.994214 0
0 0.500000
-79.142838 41.235162 0
1 0.500000
-69.547250 38.351088 0
0 0.666667
-79.354396 40.305538 0
1 0.666667
-69.681332 37.687961 0
0 0.833333
-79.538533 39.371885 0
1 0.833333
-69.799937 37.003317 0
0 1.000000
-79.696830 38.435629 0
1 1.000000
-69.904023 36.293016 0
0 0.000000
-79.830740 37.501440 0
1 0.000000
-69.994929 35.553631 0
0 0.166667
-79.942688 36.574464 0
1 0.166667
-70.074446 34.784042 0
0 0.333333
-80.036129 35.658617 0
1 0.333333
-70.144743 33.986585 0
0 0.500000
-80.115182 34.754927 0
1 0.500000
-70.208517 33.160267 0
0 0.666667
-80.183508 33.867051 0
1 0.666667
-70.268978 32.307082 0
0 0.833333
-80.245223 32.995938 0
1 0.833333
-70.329528 31.430360 0
0 1.000000
-80.304194 32.141722 0
1 1.000000
-70.393516 30.534331 0
0 0.000000
-80.363850 31.304031 0
1 0.000000
-70.463628 29.628194 0
0 0.166667
-80.427501 30.477451 0
1 0.166667
-70.541894 28.712981 0
0 0.333333
-80.496629 29.663375 0
1 0.333333
-70.630491 27.789128 0
0 0.500000
-80.572508 28.864442 0
1 0.500000
-70.731265 26.862125 0
0 0.666667
-80.656958 28.078933 0
1 0.666667
-70.845583 25.934667 0
0 0.833333
-80.750979 27.306935 0
1 0.833333
-70.975365 25.003733 0
0 1.000000
-80.854543 26.553515 0
1 1.000000
-71.122632 24.071446 0
0 0.000000
-80.968780 25.818836 0
1 0.000000
-71.288062 23.145451 0
0 0.166667
-81.095810 25.096883 0
1 0.166667
-71.471919 22.227181 0
0 0.333333
-81.236010 24.386469 0
1 0.333333
-71.675276 21.313452 0
0 0.500000
-81.388446 23.691335 0
1 0.500000
-71.900408 20.400233 0
0 0.666667
-81.551946 23.017069 0
1 0.666667
-72.151216 19.482807 0
0 0.833333
-81.725039 22.371043 0
1 0.833333
-72.431695 18.562034 0
0 1.000000
-81.907711 21.756580 0
1 1.000000
-72.743162 17.647512 0
0 0.000000
-82.102870 21.168290 0
1 0.000000
-73.083988 16.750221 0
0 0.166667
-82.314221 20.597664 0
1 0.166667
-73.451214 15.876857 0
0 0.333333
-82.544200 20.038298 0
1 0.333333
-74.247947 14.217545 0
0 0.666667
-83.067889 18.930146 0
1 0.666667
-74.675421 13.421812 0
0 0.833333
-83.357409 18.383978 0
1 0.833333
-75.128321 12.633953 0
0 1.000000
-83.657266 17.854786 0
1 1.000000
-75.610441 11.851396 0
0 0.000000
-83.965330 17.346469 0
1 0.000000
-76.668363 10.313399 0
0 0.333333
-84.609545 16.391032 0
1 0.333333
-77.254332 9.554688 0
0 0.500000
-84.939420 15.953080 0
1 0.500000
-77.886555 8.803527 0
0 0.666667
-85.270542 15.547171 0
1 0.666667
-79.300998 7.351444 0
0 1.000000
-85.941256 14.828541 0
1 1.000000
-80.902502 6.029252 0
0 0.166667
-86.653053 14.210399 0
1 0.166667
-82.651767 4.892533 0
0 0.500000
-87.432375 13.675801 0
1 0.500000
-98.159746 5.380949 0
0 0.666667
-92.205647 13.415170 0
1 0.666667
-113.034545 29.641233 0
0 0.666667
-103.940835 33.801094 0
1 0.666667
-113.350022 30.331191 0
0 0.833333
-104.286253 34.555892 0
1 0.833333
-113.675541 31.029685 0
0 1.000000
-104.630679 35.294713 0
1 1.000000
-114.006913 31.732468 0
0 0.000000
-104.973387 36.021455 0
1 0.000000
-114.338504 32.430912 0
0 0.166667
-105.316784 36.744679 0
1 0.166667
-115.001867 33.813710 0
0 0.500000
-106.004442 38.177921 0
1 0.500000
-115.329936 34.490192 0
0 0.666667
-106.352735 38.895854 0
1 0.666667
-115.654649 35.152102 0
0 0.833333
-106.707423 39.618325 0
1 0.833333
-115.979956 35.804123 0
0 1.000000
-107.067241 40.338822 0
1 1.000000
-116.308033 36.449274 0
0 0.000000
-107.430848 41.053140 0
1 0.000000
-116.640578 37.090755 0
0 0.166667
-107.795916 41.756798 0
1 0.166667
-116.975425 37.725715 0
0 0.333333
-108.162502 42.451431 0
1 0.333333
-117.646954 38.967926 0
0 0.666667
-108.898929 43.812722 0
1 0.666667
-117.986388 39.580961 0
0 0.833333
-109.263289 44.470495 0
1 0.833333
-118.325873 40.186719 0
0 1.000000
-109.625004 45.115702 0
1 1.000000
-118.995731 41.362393 0
0 0.166667
-110.348860 46.385501 0
1 0.166667
-119.325094 41.929604 0
0 0.333333
-110.713362 47.012720 0
1 0.333333
-119.961264 42.997239 0
0 0.666667
-111.467353 48.274878 0
1 0.666667
-120.271640 43.497944 0
0 0.833333
-111.862127 48.909051 0
1 0.833333
-120.902240 44.462474 0
0 0.000000
-112.683773 50.159562 0
1 0.000000
-121.565523 45.404910 0
0 0.333333
-113.538407 51.368583 0
1 0.333333
-122.266271 46.335202 0
0 0.666667
-114.417039 52.531132 0
1 0.666667
-122.986917 47.236559 0
0 1.000000
-115.330279 53.668969 0
1 1.000000
-123.718281 48.093917 0
0 0.166667
-116.294188 54.793384 0
1 0.166667
-124.835669 49.292523 0
0 0.666667
-117.846334 56.444390 0
1 0.666667
-125.909740 50.292240 0
0 0.000000
-119.646420 58.087805 0
1 0.000000
-127.374354 51.354896 0
0 0.666667
-122.489979 60.080885 0
1 0.666667
-152.852313 32.986777 0
0 0.166667
-162.683903 34.814296 0
1 0.166667
-152.995655 32.218385 0
0 0.333333
-162.852179 33.906263 0
1 0.333333
-153.128466 31.445714 0
0 0.500000
-163.007602 32.995770 0
1 0.500000
-153.250710 30.669727 0
0 0.666667
-163.150461 32.082145 0
1 0.666667
-153.362453 29.889852 0
0 0.833333
-163.280684 31.166058 0
1 0.833333
-153.463760 29.106143 0
0 1.000000
-163.398417 30.247458 0
1 1.000000
-153.554694 28.318566 0
0 0.000000
-163.503797 29.326210 0
1 0.000000
-153.635539 27.524387 0
0 0.166667
-163.596716 28.404702 0
1 0.166667
-153.706763 26.722499 0
0 0.333333
-163.677732 27.483926 0
1 0.333333
-153.768821 25.914020 0
0 0.500000
-163.747747 26.562893 0
1 0.500000
-153.822092 25.099156 0
0 0.666667
-163.807368 25.641608 0
1 0.666667
-153.866918 24.278789 0
0 0.833333
-163.857202 24.719506 0
1 0.833333
-153.903545 23.454108 0
0 1.000000
-163.897711 23.795646 0
1 1.000000
-153.932177 22.622348 0
0 0.000000
-163.929037 22.872907 0
1 0.000000
-153.953418 21.780735 0
0 0.166667
-163.951908 21.954531 0
1 0.166667
-153.968315 20.929216 0
0 0.333333
-163.967685 21.041400 0
1 0.333333
-153.978016 20.070098 0
0 0.500000
-163.977824 20.132114 0
1 0.500000
-153.983429 19.202636 0
0 0.666667
-163.983397 19.228102 0
1 0.666667
-153.985672 18.325725 0
0 0.833333
-163.985671 18.331297 0
1 0.833333
-153.986166 17.440960 0
0 1.000000
-163.986166 17.441122 0
1 1.000000
-153.986180 16.553416 0
0 0.000000
-163.986180 16.553393 0
1 0.000000
-153.986178 15.665763 0
0 0.166667
-163.986178 15.665762 0
1 0.166667
-153.986178 14.778125 0
0 0.333333
-163.986178 14.778118 0
1 0.333333
-153.986178 13.890484 0
0 0.500000
-163.986178 13.890477 0
1 0.500000
-153.986177 13.002843 0
0 0.666667
-163.986177 13.002835 0
1 0.666667
-153.986176 12.115202 0
0 0.833333
-163.986176 12.115193 0
1 0.833333
-153.986175 11.227562 0
0 1.000000
-163.986175 11.227551 0
1 1.000000
-153.986174 10.339964 0
0 0.000000
-163.986174 10.339866 0
1 0.000000
-153.986166 9.452561 0
0 0.166667
-163.986166 9.451992 0
1 0.166667
-153.986115 8.565397 0
0 0.333333
-163.986115 8.563899 0
1 0.333333
-148.314435 -21.096301 0
0 0.666667
-157.509086 -25.028015 0
1 0.666667
-147.997024 -21.839886 0
0 0.833333
-157.134695 -25.902268 0
1 0.833333
-147.668317 -22.580418 0
0 1.000000
-156.749360 -26.767857 0
1 1.000000
-147.328555 -23.318273 0
0 0.000000
-156.353693 -27.624882 0
1 0.000000
-146.979044 -24.051710 0
0 0.166667
-155.947334 -28.475484 0
1 0.166667
-146.620909 -24.778755 0
0 0.333333
-155.529544 -29.321466 0
1 0.333333
-146.254312 -25.498711 0
0 0.500000
-155.099995 -30.162817 0
1 0.500000
-145.878641 -26.212212 0
0 0.666667
-154.659041 -30.998084 0
1 0.666667
-145.492965 -26.920752 0
0 0.833333
-154.207650 -31.825268 0
1 0.833333
-145.096287 -27.626436 0
0 1.000000
-153.747351 -32.642319 0
1 1.000000
-144.687673 -28.331852 0
0 0.000000
-153.280206 -33.447356 0
1 0.000000
-144.266578 -29.039636 0
0 0.166667
-152.808580 -34.239078 0
1 0.166667
-143.833385 -29.751608 0
0 0.333333
-152.334625 -35.017433 0
1 0.333333
-143.389766 -30.467961 0
0 0.500000
-151.859665 -35.784049 0
1 0.500000
-142.938448 -31.187124 0
0 0.666667
-151.383920 -36.541936 0
1 0.666667
-142.482077 -31.906968 0
0 0.833333
-150.907025 -37.294014 0
1 0.833333
-142.022753 -32.625379 0
0 1.000000
-150.428291 -38.042659 0
1 1.000000
-141.562277 -33.339932 0
0 0.000000
-149.946456 -38.790210 0
1 0.000000
-141.102099 -34.047933 0
0 0.166667
-149.459676 -39.538918 0
1 0.166667
-140.642709 -34.747324 0
0 0.333333
-148.966136 -40.289937 0
1 0.333333
-140.183244 -35.437565 0
0 0.500000
-148.464771 -41.042589 0
1 0.500000
-139.721810 -36.119662 0
0 0.666667
-147.955493 -41.794737 0
1 0.666667
-139.256572 -36.795014 0
0 0.833333
-147.438571 -42.544353 0
1 0.833333
-138.786842 -37.463892 0
0 1.000000
-146.913606 -43.291045 0
1 1.000000
-138.313237 -38.124863 0
0 0.000000
-146.379005 -44.036155 0
1 0.000000
-137.837097 -38.775136 0
0 0.166667
-145.832114 -44.781775 0
1 0.166667
-137.359967 -39.411038 0
0 0.333333
-145.269499 -45.529804 0
1 0.333333
-136.883225 -40.028496 0
0 0.500000
-144.687214 -46.281316 0
1 0.500000
-136.407977 -40.623356 0
0 0.666667
-144.080843 -47.036399 0
1 0.666667
-135.934925 -41.191760 0
0 0.833333
-143.445532 -47.794091 0
1 0.833333
-135.463451 -41.731361 0
0 1.000000
-142.776894 -48.551445 0
1 1.000000
-134.990169 -42.242930 0
0 0.000000
-142.072912 -49.302303 0
1 0.000000
-134.509017 -42.730196 0
0 0.166667
-141.335055 -50.038082 0
1 0.166667
-134.013587 -43.197552 0
0 0.333333
-140.567310 -50.750613 0
1 0.333333
-133.499853 -43.647709 0
0 0.500000
-139.774066 -51.434509 0
1 0.500000
-132.967674 -44.080654 0
0 0.666667
-138.958207 -52.087746 0
1 0.666667
-132.420493 -44.494039 0
0 0.833333
-138.120296 -52.710622 0
1 0.833333
-131.863929 -44.884214 0
0 1.000000
-137.258699 -53.304218 0
1 1.000000
-131.303727 -45.247536 0
0 0.000000
-136.370600 -53.868835 0
1 0.000000
-130.182659 -45.886375 0
0 0.333333
-134.508677 -54.902226 0
1 0.333333
-129.616614 -46.163412 0
0 0.500000
-133.539329 -55.361907 0
1 0.500000
-129.038588 -46.415191 0
0 0.666667
-132.552207 -55.777589 0
1 0.666667
-128.442929 -46.643605 0
0 0.833333
-131.553686 -56.147456 0
1 0.833333
-127.188437 -47.034008 0
0 0.000000
-129.539593 -56.753682 0
1 0.000000
-126.527231 -47.197218 0
0 0.166667
-128.530586 -56.994491 0
1 0.166667
-125.132520 -47.463366 0
0 0.500000
-126.525695 -57.365843 0
1 0.500000
-124.400870 -47.568032 0
0 0.666667
-125.534348 -57.503585 0
1 0.666667
-122.883275 -47.725521 0
0 1.000000
-123.574381 -57.701611 0
1 1.000000
-122.102438 -47.780516 0
0 0.000000
-122.604254 -57.767917 0
1 0.000000
-120.505265 -47.848321 0
0 0.333333
-120.680942 -57.846778 0
1 0.333333
-118.878636 -47.866195 0
0 0.666667
-118.772671 -57.865634 0
1 0.666667
-117.258116 -47.838726 0
0 1.000000
-116.860089 -57.830801 0
1 1.000000
-116.461369 -47.807691 0
0 0.000000
-115.895856 -57.791688 0
1 0.000000
-114.900890 -47.706722 0
0 0.333333
-113.951784 -57.661580 0
1 0.333333
-112.592645 -47.441920 0
0 0.833333
-111.049848 -57.322192 0
1 0.833333
-111.038571 -47.186502 0
0 0.000000
-109.156321 -57.007761 0
1 0.000000
-109.477617 -46.875710 0
0 0.333333
-107.285704 -56.632529 0
1 0.333333
-107.158142 -46.317297 0
0 0.833333
-104.488599 -55.954389 0
1 0.833333
-104.851144 -45.638576 0
0 0.166667
-101.724901 -55.137344 0
1 0.166667
-101.662135 -44.531967 0
0 0.833333
-98.222501 -53.921798 0
1 0.833333
-98.318567 -43.305757 0
0 0.333333
-94.910956 -52.707256 0
1 0.333333
-94.936152 -42.095889 0
0 1.000000
-91.634571 -51.535145 0
1 1.000000
-92.343107 -41.202722 0
0 0.333333
-89.217305 -50.701636 0
1 0.333333
-89.611854 -40.344651 0
0 0.833333
-86.900742 -49.970131 0
1 0.833333
-87.747169 -39.838424 0
0 0.000000
-85.366842 -49.550996 0
1 0.000000
-85.901404 -39.401502 0
0 0.333333
-83.785709 -49.175132 0
1 0.333333
-84.100088 -39.020499 0
0 0.666667
-82.137311 -48.825982 0
1 0.666667
-83.213286 -38.843035 0
0 0.833333
-81.293352 -48.656997 0
1 0.833333
-81.448347 -38.500770 0
0 0.000000
-79.589892 -48.326560 0
1 0.000000
-79.667401 -38.167445 0
0 0.333333
-77.897046 -48.009489 0
1 0.333333
-78.760329 -38.004434 0
0 0.500000
-77.065819 -47.859820 0
1 0.500000
-77.837885 -37.846124 0
0 0.666667
-76.249286 -47.719135 0
1 0.666667
-75.947181 -37.556642 0
0 1.000000
-74.661074 -47.473593 0
1 1.000000
-74.983720 -37.432590 0
0 0.000000
-73.884964 -47.372043 0
1 0.000000
-74.010604 -37.326103 0
0 0.166667
-73.118661 -47.286246 0
1 0.166667
-73.026249 -37.239291 0
0 0.333333
-72.364481 -47.217370 0
1 0.333333
-72.026512 -37.174733 0
0 0.500000
-71.628426 -47.166807 0
1 0.500000
-71.006556 -37.136505 0
0 0.666667
-70.918515 -47.136117 0
1 0.666667
-69.962237 -37.130712 0
0 0.833333
-70.243063 -47.126768 0
1 0.833333
-68.890897 -37.165617 0
0 1.000000
-69.609579 -47.139758 0
1 1.000000
-67.792767 -37.251375 0
0 0.000000
-69.023438 -47.175359 0
1 0.000000
-66.672467 -37.399079 0
0 0.166667
-68.486487 -47.233170 0
1 0.166667
-65.539386 -37.619108 0
0 0.333333
-67.996541 -47.312528 0
1 0.333333
-64.406647 -37.919346 0
0 0.500000
-67.548041 -47.413114 0
1 0.500000
-63.289209 -38.303912 0
0 0.666667
-67.133406 -47.535496 0
1 0.666667
-62.201615 -38.772862 0
0 0.833333
-66.744732 -47.681290 0
1 0.833333
-61.155956 -39.322993 0
0 1.000000
-66.375525 -47.852712 0
1 1.000000
-60.160624 -39.949498 0
0 0.000000
-66.022033 -48.051590 0
1 0.000000
-59.220657 -40.647510 0
0 0.166667
-65.683307 -48.278640 0
1 0.166667
-58.339338 -41.412603 0
0 0.333333
-65.359996 -48.533724 0
1 0.333333
-57.519903 -42.240087 0
0 0.500000
-65.052791 -48.816985 0
1 0.500000
-56.766129 -43.123951 0
0 0.666667
-64.761639 -49.129933 0
1 0.666667
-56.081622 -44.056509 0
0 0.833333
-64.486049 -49.475513 0
1 0.833333
-55.468612 -45.029092 0
0 1.000000
-64.225896 -49.857132 0
1 1.000000
-54.927330 -46.033101 0
0 0.000000
-63.981866 -50.277554 0
1 0.000000
-54.456172 -47.060641 0
0 0.166667
-63.755295 -50.738453 0
1 0.166667
-54.052214 -48.104619 0
0 0.333333
-63.547834 -51.240411 0
1 0.333333
-53.711613 -49.158791 0
0 0.500000
-63.361242 -51.782652 0
1 0.500000
-53.429872 -50.218187 0
0 0.666667
-63.197307 -52.362298 0
1 0.666667
-53.202247 -51.279626 0
0 0.833333
-63.057683 -52.973845 0
1 0.833333
-53.024369 -52.341783 0
0 1.000000
-62.943664 -53.609684 0
1 1.000000
-52.892828 -53.404508 0
0 0.000000
-62.856015 -54.261768 0
1 0.000000
-52.805412 -54.467599 0
0 0.166667
-62.795005 -54.923702 0
1 0.166667
-52.760800 -55.529914 0
0 0.333333
-62.760609 -55.591821 0
1 0.333333
-52.757983 -56.589532 0
0 0.500000
-62.752701 -56.264551 0
1 0.500000
-52.795908 -57.644902 0
0 0.666667
-62.771073 -56.940566 0
1 0.666667
-52.873606 -58.695453 0
0 0.833333
-62.815378 -57.617874 0
1 0.833333
-52.990370 -59.740725 0
0 1.000000
-62.885277 -58.294764 0
1 1.000000
-53.338336 -61.809508 0
0 0.166667
-63.101484 -59.645957 0
1 0.166667
-53.831546 -63.836161 0
0 0.500000
-63.419365 -60.994731 0
1 0.500000
-54.815269 -66.768683 0
0 1.000000
-64.083602 -63.013953 0
1 1.000000
-56.032464 -69.533535 0
0 0.333333
-64.973503 -65.054939 0
1 0.333333
-59.350248 -75.386808 0
0 0.333333
-67.750575 -69.961451 0
1 0.333333
-106.992059 -133.800676 0
0 0.166667
-114.299709 -140.626967 0
1 0.166667
-105.973636 -134.865566 0
0 0.500000
-112.918042 -142.061066 0
1 0.500000
-104.862982 -135.917438 0
0 0.833333
-111.501418 -143.396152 0
1 0.833333
-103.698798 -136.933172 0
0 0.000000
-110.042727 -144.663279 0
1 0.000000
-102.488036 -137.910005 0
0 0.333333
-108.542116 -145.869158 0
1 0.333333
-101.224151 -138.856066 0
0 0.666667
-107.007212 -147.014265 0
1 0.666667
-99.919006 -139.766991 0
0 1.000000
-105.430338 -148.111163 0
1 1.000000
-98.591917 -140.629102 0
0 0.166667
-103.800658 -149.165437 0
1 0.166667
-97.276959 -141.416076 0
0 0.500000
-102.099219 -150.176545 0
1 0.500000
-96.006995 -142.097596 0
0 0.833333
-100.297637 -151.130336 0
1 0.833333
-95.383820 -142.396899 0
0 1.000000
-99.360647 -151.572128 0
1 1.000000
-94.128422 -142.921502 0
0 0.166667
-97.440610 -152.357042 0
1 0.166667
-92.826601 -143.359263 0
0 0.500000
-95.495636 -152.996496 0
1 0.500000
-92.155127 -143.547790 0
0 0.666667
-94.520033 -153.264128 0
1 0.666667
-91.473035 -143.716194 0
0 0.833333
-93.540951 -153.500044 0
1 0.833333
-90.783069 -143.864329 0
0 1.000000
-92.556300 -153.705856 0
1 1.000000
-90.086162 -143.992155 0
0 0.000000
-91.565212 -153.882171 0
1 0.000000
-89.380623 -144.099841 0
0 0.166667
-90.569105 -154.028966 0
1 0.166667
-88.662513 -144.187783 0
0 0.333333
-89.571693 -154.146366 0
1 0.333333
-87.926707 -144.256635 0
0 0.500000
-88.578284 -154.235385 0
1 0.500000
-87.168211 -144.307435 0
0 0.666667
-87.594689 -154.298337 0
1 0.666667
-86.383317 -144.341785 0
0 0.833333
-86.626101 -154.338837 0
1 0.833333
-85.570370 -144.361997 0
0 1.000000
-85.676208 -154.361437 0
1 1.000000
-84.730186 -144.371090 0
0 0.000000
-84.746558 -154.371077 0
1 0.000000
-83.866124 -144.372558 0
0 0.166667
-83.836205 -154.372513 0
1 0.166667
-82.983670 -144.369921 0
0 0.333333
-82.941860 -154.369834 0
1 0.333333
-82.089435 -144.366186 0
0 0.500000
-82.058658 -154.366138 0
1 0.500000
-81.189881 -144.363429 0
0 0.666667
-81.181294 -154.363426 0
1 0.666667
-80.290157 -144.362671 0
0 0.833333
-80.305176 -154.362659 0
1 0.833333
-79.393516 -144.364026 0
0 1.000000
-79.427118 -154.363970 0
1 1.000000
-78.501364 -144.367027 0
0 0.000000
-78.545460 -154.366930 0
1 0.000000
-77.613629 -144.370941 0
0 0.166667
-77.659872 -154.370835 0
1 0.166667
-76.729300 -144.375031 0
0 0.333333
-76.770953 -154.374945 0
1 0.333333
-75.847021 -144.378708 0
0 0.500000
-75.879736 -154.378655 0
1 0.500000
-74.965543 -144.381595 0
0 0.666667
-74.987275 -154.381572 0
1 0.666667
-74.083893 -144.383514 0
0 0.833333
-74.094462 -154.383509 0
1 0.833333
-73.201416 -144.384449 0
0 1.000000
-73.201980 -154.384449 0
1 1.000000
-72.317765 -144.384501 0
0 0.000000
-72.310270 -154.384498 0
1 0.000000
-71.432884 -144.383839 0
0 0.166667
-71.419529 -154.383830 0
1 0.166667
-70.546947 -144.382656 0
0 0.333333
-70.529735 -154.382641 0
1 0.333333
-69.660278 -144.381130 0
0 0.500000
-69.640707 -154.381111 0
1 0.500000
-68.773256 -144.379394 0
0 0.666667
-68.752180 -154.379372 0
1 0.666667
-67.886218 -144.377525 0
0 0.833333
-67.863893 -154.377500 0
1 0.833333
-66.999411 -144.375545 0
0 1.000000
-66.975639 -154.375517 0
1 1.000000
-66.112973 -144.373438 0
0 0.000000
-66.087284 -154.373405 0
1 0.000000
-65.226938 -144.371162 0
0 0.166667
-65.198773 -154.371122 0
1 0.166667
-64.341245 -144.368667 0
0 0.333333
-64.310128 -154.368619 0
1 0.333333
-63.455752 -144.365912 0
0 0.500000
-63.421442 -154.365853 0
1 0.500000
-62.570260 -144.362874 0
0 0.666667
-62.532859 -154.362804 0
1 0.666667
-61.684538 -144.359562 0
0 0.833333
-61.644556 -154.359482 0
1 0.833333
-60.798346 -144.356019 0
0 1.000000
-60.756723 -154.355932 0
1 1.000000
-59.911448 -144.352327 0
0 0.000000
-59.869547 -154.352239 0
1 0.000000
-59.023619 -144.348607 0
0 0.166667
-58.983210 -154.348525 0
1 0.166667
-58.134649 -144.345015 0
0 0.333333
-58.097883 -154.344947 0
1 0.333333
-57.244356 -144.341743 0
0 0.500000
-57.213713 -154.341696 0
1 0.500000
-56.352615 -144.339012 0
0 0.666667
-56.330793 -154.338988 0
1 0.666667
-55.459399 -144.337066 0
0 0.833333
-55.449120 -154.337061 0
1 0.833333
-54.564816 -144.336152 0
0 1.000000
-54.568566 -154.336151 0
1 1.000000
-53.669124 -144.336494 0
0 0.000000
-53.688855 -154.336474 0
1 0.000000
-52.772746 -144.338270 0
0 0.166667
-52.809556 -154.338202 0
1 0.166667
-51.876257 -144.341577 0
0 0.333333
-51.930099 -154.341432 0
1 0.333333
-50.980368 -144.346407 0
0 0.500000
-51.049791 -154.346166 0
1 0.500000
-50.085899 -144.352621 0
0 0.666667
-50.167843 -154.352285 0
1 0.666667
-49.193753 -144.359933 0
0 0.833333
-49.283405 -154.359531 0
1 0.833333
-48.304882 -144.367902 0
0 1.000000
-48.395594 -154.367491 0
1 1.000000
-47.420220 -144.375929 0
0 0.000000
-47.503568 -154.375581 0
1 0.000000
-46.540599 -144.383268 0
0 0.166667
-46.606605 -154.383050 0
1 0.166667
-45.666671 -144.389057 0
0 0.333333
-45.704179 -154.388987 0
1 0.333333
-44.798856 -144.392353 0
0 0.500000
-44.796010 -154.392352 0
1 0.500000
-43.937315 -144.392176 0
0 0.666667
-43.882083 -154.392024 0
1 0.666667
-43.081944 -144.387554 0
0 0.833333
-42.962647 -154.386843 0
1 0.833333
-42.232382 -144.377559 0
0 1.000000
-42.038203 -154.375673 0
1 1.000000
-41.388026 -144.361338 0
0 0.000000
-41.109481 -154.357458 0
1 0.000000
-40.548055 -144.338144 0
0 0.166667
-40.177414 -154.331273 0
1 0.166667
-39.711443 -144.307354 0
0 0.333333
-39.243112 -154.296381 0
1 0.333333
-38.876983 -144.268486 0
0 0.500000
-38.307846 -154.252277 0
1 0.500000
-38.043295 -144.221217 0
0 0.666667
-37.373025 -154.198729 0
1 0.666667
-37.208841 -144.165404 0
0 0.833333
-36.440186 -154.135819 0
1 0.833333
-36.371937 -144.101099 0
0 1.000000
-35.510970 -154.063967 0
1 1.000000
-35.530793 -144.028583 0
0 0.000000
-34.587089 -153.983954 0
1 0.000000
-34.683622 -143.948400 0
0 0.166667
-33.670209 -153.896917 0
1 0.166667
-33.828795 -143.861395 0
0 0.333333
-32.761793 -153.804308 0
1 0.333333
-32.965005 -143.768731 0
0 0.500000
-31.862951 -153.707819 0
1 0.500000
-32.091395 -143.671870 0
0 0.666667
-30.974309 -153.609280 0
1 0.666667
-31.207638 -143.572526 0
0 0.833333
-30.095951 -153.510541 0
1 0.833333
-30.313975 -143.472575 0
0 1.000000
-29.227389 -153.413366 0
1 1.000000
-29.411225 -143.373946 0
0 0.000000
-28.367568 -153.319336 0
1 0.000000
-28.500771 -143.278489 0
0 0.166667
-27.514897 -153.229773 0
1 0.166667
-27.584519 -143.187835 0
0 0.333333
-26.667304 -153.145682 0
1 0.333333
-26.664810 -143.103262 0
0 0.500000
-25.822331 -153.067710 0
1 0.500000
-25.744253 -143.025575 0
0 0.666667
-24.977316 -152.996122 0
1 0.666667
-24.825498 -142.955031 0
0 0.833333
-24.129626 -152.930790 0
1 0.833333
-23.911012 -142.891336 0
0 1.000000
-23.276878 -152.871209 0
1 1.000000
-23.002908 -142.833692 0
0 0.000000
-22.417109 -152.816520 0
1 0.000000
-22.102871 -142.780903 0
0 0.166667
-21.548839 -152.765544 0
1 0.166667
-21.212137 -142.731482 0
0 0.333333
-20.671082 -152.716834 0
1 0.333333
-20.331502 -142.683766 0
0 0.500000
-19.783334 -152.668730 0
1 0.500000
-19.461331 -142.636013 0
0 0.666667
-18.885542 -152.619423 0
1 0.666667
-18.601568 -142.586484 0
0 0.833333
-17.978091 -152.567029 0
1 0.833333
-17.751744 -142.533507 0
0 1.000000
-17.061790 -152.509677 0
1 1.000000
-16.910979 -142.475534 0
0 0.000000
-16.137850 -152.445603 0
1 0.000000
-16.077987 -142.411177 0
0 0.166667
-15.207869 -152.373250 0
1 0.166667
-15.251089 -142.339244 0
0 0.333333
-14.273798 -152.291375 0
1 0.333333
-14.428216 -142.258763 0
0 0.500000
-13.337902 -152.199146 0
1 0.500000
-13.606935 -142.169011 0
0 0.666667
-12.402698 -152.096237 0
1 0.666667
-12.784535 -142.069555 0
0 0.833333
-11.470828 -151.982889 0
1 0.833333
-11.958319 -141.960322 0
0 1.000000
-10.544733 -151.859907 0
1 1.000000
-11.126214 -141.841697 0
0 0.000000
-9.626032 -151.728530 0
1 0.000000
-10.287520 -141.714574 0
0 0.166667
-8.714855 -151.590136 0
1 0.166667
-9.443541 -141.580270 0
0 0.333333
-7.809364 -151.445840 0
1 0.333333
-8.597878 -141.440278 0
0 0.500000
-6.905707 -151.296066 0
1 0.500000
-7.755711 -141.295793 0
0 0.666667
-5.998998 -151.140282 0
1 0.666667
-6.921794 -141.147150 0
0 0.833333
-5.085489 -150.977103 0
1 0.833333
-6.097988 -140.993504 0
0 1.000000
-4.164931 -150.804890 0
1 1.000000
-5.281701 -140.832981 0
0 0.000000
-3.241720 -150.622694 0
1 0.000000
-4.467314 -140.663570 0
0 0.166667
-2.322895 -150.430938 0
1 0.166667
-3.650140 -140.484387 0
0 0.333333
-1.413837 -150.231127 0
1 0.333333
-2.829822 -140.296339 0
0 0.500000
-0.515069 -150.024747 0
1 0.500000
-2.011116 -140.101688 0
0 0.666667
0.377882 -149.812130 0
1 0.666667
-1.202763 -139.903019 0
0 0.833333
1.272712 -149.591776 0
1 0.833333
-0.415511 -139.702260 0
0 1.000000
2.177941 -149.360107 0
1 1.000000
0.340112 -139.500128 0
0 0.000000
3.100599 -149.111564 0
1 0.000000
1.055965 -139.296001 0
0 0.166667
4.044296 -148.839054 0
1 0.166667
1.727983 -139.088036 0
0 0.333333
5.008026 -148.534798 0
1 0.333333
2.356867 -138.873343 0
0 0.500000
5.986104 -148.191532 0
1 0.500000
2.947800 -138.648016 0
0 0.666667
6.969013 -147.803880 0
1 0.666667
3.509225 -138.407157 0
0 0.833333
7.945032 -147.369501 0
1 0.833333
4.050731 -138.145300 0
0 1.000000
8.902517 -146.889451 0
1 1.000000
4.580673 -137.857391 0
0 0.000000
9.832216 -146.367462 0
1 0.000000
5.104421 -137.539986 0
0 0.166667
10.728740 -145.808422 0
1 0.166667
5.623954 -137.191926 0
0 0.333333
11.590569 -145.216857 0
1 0.333333
6.647159 -136.408341 0
0 0.666667
13.215687 -143.948529 0
1 0.666667
7.147326 -135.976943 0
0 0.833333
13.983567 -143.275286 0
1 0.833333
7.637664 -135.521832 0
0 1.000000
14.724670 -142.576925 0
1 1.000000
8.117073 -135.044387 0
0 0.000000
15.440845 -141.853378 0
1 0.000000
9.042220 -134.023222 0
0 0.333333
16.802206 -140.330568 0
1 0.333333
9.489396 -133.477102 0
0 0.500000
17.446880 -139.533375 0
1 0.500000
9.928145 -132.904422 0
0 0.666667
18.065768 -138.716401 0
1 0.666667
10.783092 -131.676990 0
0 1.000000
19.222102 -137.041980 0
1 1.000000
11.196433 -131.029475 0
0 0.000000
19.761228 -136.191285 0
1 0.000000
11.975401 -129.707987 0
0 0.333333
20.774295 -134.459772 0
1 0.333333
12.333377 -129.048577 0
0 0.500000
21.251147 -133.573329 0
1 0.500000
12.980455 -127.738007 0
0 0.833333
22.138317 -131.754669 0
1 0.833333
13.271672 -127.079393 0
0 1.000000
22.543347 -130.825862 0
1 1.000000
13.796954 -125.734227 0
0 0.166667
23.268606 -128.941688 0
1 0.166667
14.250511 -124.343393 0
0 0.500000
23.882932 -127.029738 0
1 0.500000
14.631016 -122.918909 0
0 0.833333
24.393119 -125.087164 0
1 0.833333
15.062299 -120.725957 0
0 0.166667
24.963276 -122.129753 0
1 0.166667
15.343418 -118.394367 0
0 0.666667
25.309854 -119.212991 0
1 0.666667
15.519762 -115.891411 0
0 0.000000
25.506255 -116.410987 0
1 0.000000
15.669108 -112.461074 0
0 0.666667
25.664849 -112.752905 0
1 0.666667
15.735173 -109.053120 0
0 0.166667
25.735156 -109.071580 0
1 0.166667
15.701998 -105.690317 0
0 0.833333
25.695769 -105.337404 0
1 0.833333
-5.825039 -74.157677 0
0 0.666667
2.636552 -68.828374 0
1 0.666667
-6.371778 -73.284852 0
0 0.833333
2.254945 -68.227218 0
1 0.833333
-6.890715 -72.394726 0
0 1.000000
1.892240 -67.613543 0
1 1.000000
-7.379759 -71.491366 0
0 0.000000
1.546726 -66.983831 0
1 0.000000
-7.838471 -70.578120 0
0 0.166667
1.217245 -66.336184 0
1 0.166667
-8.267673 -69.657233 0
0 0.333333
0.903277 -65.670546 0
1 0.333333
-8.668918 -68.729770 0
0 0.500000
0.604878 -64.988553 0
1 0.500000
-9.043943 -67.795776 0
0 0.666667
0.322547 -64.293081 0
1 0.666667
-9.394213 -66.854648 0
0 0.833333
0.057044 -63.587578 0
1 0.833333
-9.720602 -65.905687 0
0 1.000000
-0.190837 -62.875245 0
1 1.000000
-10.023304 -64.948585 0
0 0.000000
-0.420459 -62.158359 0
1 0.000000
-10.302092 -63.983307 0
0 0.166667
-0.631360 -61.438322 0
1 0.166667
-10.556603 -63.009576 0
0 0.333333
-0.823120 -60.716257 0
1 0.333333
-10.786331 -62.026831 0
0 0.500000
-0.995285 -59.993260 0
1 0.500000
-10.990476 -61.034700 0
0 0.666667
-1.147380 -59.270199 0
1 0.666667
-11.167932 -60.033498 0
0 0.833333
-1.278966 -58.547443 0
1 0.833333
-11.317477 -59.024262 0
0 1.000000
-1.389655 -57.824949 0
1 1.000000
-11.438013 -58.008279 0
0 0.000000
-1.479093 -57.102786 0
1 0.000000
-11.528639 -56.986391 0
0 0.166667
-1.546931 -56.381822 0
1 0.166667
-11.588482 -55.958458 0
0 0.333333
-1.592811 -55.664230 0
1 0.333333
-11.610255 -53.880136 0
0 0.666667
-1.617206 -54.252926 0
1 0.666667
-11.567691 -52.828490 0
0 0.833333
-1.594900 -53.565673 0
1 0.833333
2.520762 -32.159996 0
0 0.333333
7.625589 -40.758876 0
1 0.333333
3.305720 -31.694121 0
0 0.500000
8.354246 -40.326176 0
1 0.500000
4.088417 -31.236429 0
0 0.666667
9.092928 -39.894077 0
1 0.666667
4.868722 -30.785420 0
0 0.833333
9.840092 -39.462140 0
1 0.833333
5.647098 -30.339469 0
0 1.000000
10.593794 -39.030280 0
1 1.000000
6.425073 -29.896671 0
0 0.000000
11.351259 -38.599125 0
1 0.000000
7.205339 -29.455007 0
0 0.166667
12.108961 -38.170194 0
1 0.166667
7.991473 -29.012725 0
0 0.333333
12.863092 -37.745842 0
1 0.333333
8.787380 -28.568831 0
0 0.500000
13.610247 -37.328965 0
1 0.500000
9.596566 -28.123524 0
0 0.666667
14.348139 -36.922533 0
1 0.666667
10.421479 -27.678404 0
0 0.833333
15.076111 -36.529076 0
1 0.833333
11.263041 -27.236356 0
0 1.000000
15.795352 -36.150287 0
1 1.000000
12.120413 -26.801148 0
0 0.000000
16.508825 -35.786794 0
1 0.000000
12.991119 -26.376773 0
0 0.166667
17.220845 -35.438198 0
1 0.166667
13.871487 -25.966737 0
0 0.333333
17.936380 -35.103292 0
1 0.333333
14.757327 -25.573476 0
0 0.500000
18.660221 -34.780398 0
1 0.500000
15.644716 -25.198034 0
0 0.666667
19.396160 -34.467698 0
1 0.666667
16.530659 -24.840066 0
0 0.833333
20.146413 -34.163495 0
1 0.833333
17.413414 -24.498147 0
0 1.000000
20.911478 -33.866367 0
1 1.000000
18.292528 -24.170193 0
0 0.000000
21.690298 -33.575254 0
1 0.000000
19.168667 -23.853891 0
0 0.166667
22.480621 -33.289513 0
1 0.166667
20.043215 -23.547089 0
0 0.333333
23.279556 -33.008912 0
1 0.333333
20.917735 -23.248110 0
0 0.500000
24.084219 -32.733540 0
1 0.500000
21.793430 -22.955914 0
0 0.666667
24.892324 -32.463640 0
1 0.666667
22.670712 -22.670108 0
0 0.833333
25.702619 -32.199407 0
1 0.833333
23.548946 -22.390808 0
0 1.000000
26.515100 -31.940778 0
1 1.000000
25.301504 -21.852860 0
0 0.166667
28.151372 -31.438175 0
1 0.166667
26.172762 -21.593879 0
0 0.333333
28.977316 -31.192550 0
1 0.333333
27.041030 -21.340228 0
0 0.500000
29.807577 -30.949922 0
1 0.500000
27.909481 -21.090248 0
0 0.666667
30.638775 -30.710589 0
1 0.666667
28.782930 -20.842510 0
0 0.833333
31.466188 -30.475792 0
1 0.833333
29.665761 -20.596717 0
0 1.000000
32.285895 -30.247359 0
1 1.000000
30.559610 -20.354228 0
0 0.000000
33.096995 -30.026957 0
1 0.000000
32.366973 -19.890278 0
0 0.333333
34.709504 -29.612035 0
1 0.333333
33.265489 -19.673956 0
0 0.500000
35.526102 -29.415087 0
1 0.500000
34.147780 -19.469264 0
0 0.666667
36.361017 -29.221268 0
1 0.666667
35.004199 -19.274899 0
0 0.833333
37.221377 -29.026008 0
1 0.833333
36.606408 -18.905474 0
0 0.000000
39.034603 -28.606189 0
1 0.000000
37.340721 -18.722983 0
0 0.166667
39.987485 -28.366356 0
1 0.166667
38.027916 -18.536740 0
0 0.333333
40.964877 -28.095729 0
1 0.333333
38.670972 -18.342695 0
0 0.500000
41.957130 -27.787332 0
1 0.500000
39.855475 -17.913003 0
0 0.833333
43.934731 -27.043154 0
1 0.833333
40.415736 -17.668074 0
0 1.000000
44.895947 -26.608304 0
1 1.000000
40.963735 -17.398776 0
0 0.000000
45.829577 -26.135113 0
1 0.000000
41.501154 -17.104664 0
0 0.166667
46.735325 -25.625430 0
1 0.166667
42.536061 -16.449192 0
0 0.500000
48.475566 -24.494208 0
1 0.500000
43.027952 -16.092039 0
0 0.666667
49.315210 -23.868310 0
1 0.666667
43.501132 -15.716061 0
0 0.833333
50.134098 -23.199627 0
1 0.833333
43.956796 -15.319332 0
0 1.000000
50.928625 -22.488265 0
1 1.000000
44.397807 -14.897896 0
0 0.000000
51.693448 -21.737020 0
1 0.000000
44.827827 -14.446529 0
0 0.166667
52.422867 -20.951555 0
1 0.166667
45.250228 -13.960160 0
0 0.333333
53.112318 -20.139766 0
1 0.333333
45.667251 -13.435494 0
0 0.500000
53.759521 -19.310455 0
1 0.500000
46.079632 -12.872293 0
0 0.666667
54.364989 -18.471655 0
1 0.666667
46.486598 -12.273913 0
0 0.833333
54.931911 -17.628975 0
1 0.833333
46.886274 -11.646628 0
0 1.000000
55.465304 -16.784744 0
1 1.000000
47.276239 -10.998065 0
0 0.000000
55.970778 -15.938206 0
1 0.000000
47.653985 -10.335611 0
0 0.166667
56.453384 -15.086460 0
1 0.166667
48.017107 -9.665491 0
0 0.333333
56.916901 -14.225500 0
1 0.333333
48.363348 -8.992510 0
0 0.500000
57.363533 -13.351027 0
1 0.500000
48.690690 -8.319926 0
0 0.666667
57.793814 -12.459146 0
1 0.666667
48.997572 -7.649216 0
0 0.833333
58.206625 -11.547081 0
1 0.833333
49.283163 -6.979674 0
0 1.000000
58.599377 -10.613978 0
1 1.000000
49.547508 -6.308236 0
0 0.000000
58.968509 -9.661553 0
1 0.000000
49.791392 -5.630006 0
0 0.166667
59.310390 -8.694102 0
1 0.166667
50.015997 -4.939539 0
0 0.333333
59.622353 -7.717652 0
1 0.333333
50.222571 -4.232387 0
0 0.500000
59.903434 -6.738556 0
1 0.500000
50.412250 -3.506328 0
0 0.666667
60.154527 -5.761998 0
1 0.666667
50.586036 -2.761691 0
0 0.833333
60.377954 -4.791061 0
1 0.833333
50.744907 -2.000386 0
0 1.000000
60.576675 -3.826950 0
1 1.000000
50.889936 -1.224362 0
0 0.000000
60.753598 -2.870014 0
1 0.000000
51.022355 -0.434644 0
0 0.166667
60.911329 -1.920644 0
1 0.166667
51.143517 0.368371 0
0 0.333333
61.052292 -0.979284 0
1 0.333333
51.254790 1.183898 0
0 0.500000
61.178895 -0.045792 0
1 0.500000
51.357417 2.010048 0
0 0.666667
61.293484 0.881073 0
1 0.666667
51.452368 2.843953 0
0 0.833333
61.398096 1.803520 0
1 0.833333
51.540271 3.682612 0
0 1.000000
61.494215 2.723964 0
1 1.000000
51.621446 4.523840 0
0 0.000000
61.582678 3.644146 0
1 0.000000
51.696047 5.366869 0
0 0.166667
61.663807 4.564522 0
1 0.166667
51.764238 6.212295 0
0 0.333333
61.737701 5.484260 0
1 0.333333
51.826340 7.061424 0
0 0.500000
61.804562 6.401803 0
1 0.500000
51.882889 7.915495 0
0 0.666667
61.864880 7.315617 0
1 0.666667
51.934616 8.775206 0
0 0.833333
61.919449 8.224666 0
1 0.833333
51.982372 9.640663 0
0 1.000000
61.969249 9.128518 0
1 1.000000
52.027051 10.511529 0
0 0.000000
62.015318 10.027251 0
1 0.000000
52.069506 11.386980 0
0 0.166667
62.058668 10.921535 0
1 0.166667
52.110429 12.265150 0
0 0.333333
62.100210 11.813195 0
1 0.333333
52.150129 13.142539 0
0 0.500000
62.140586 12.705767 0
1 0.500000
52.188256 14.014220 0
0 0.666667
62.179848 13.604221 0
1 0.666667
52.223652 14.875416 0
0 0.833333
62.217094 14.513300 0
1 0.833333
52.254523 15.723603 0
0 1.000000
62.250369 15.435368 0
1 1.000000
52.278874 16.559784 0
0 0.000000
62.277057 16.369171 0
1 0.000000
52.294982 17.387877 0
0 0.166667
62.294683 17.310522 0
1 0.166667
52.298634 19.038683 0
0 0.500000
62.297391 19.196373 0
1 0.500000
52.285881 19.866868 0
0 0.666667
62.282273 20.135456 0
1 0.666667
52.263912 20.695603 0
0 0.833333
62.256775 21.073354 0
1 0.833333
52.233083 21.520144 0
0 1.000000
62.220860 22.014422 0
1 1.000000
52.193234 22.334557 0
0 0.000000
62.173439 22.963458 0
1 0.000000
52.143585 23.133013 0
0 0.166667
62.112220 23.924416 0
1 0.166667
52.082893 23.910078 0
0 0.333333
62.033747 24.900282 0
1 0.333333
52.009672 24.660863 0
0 0.500000
61.933474 25.892996 0
1 0.500000
51.922315 25.381710 0
0 0.666667
61.805961 26.902744 0
1 0.666667
51.819138 26.071136 0
0 0.833333
61.645389 27.927150 0
1 0.833333
51.698399 26.730149 0
0 1.000000
61.446312 28.961333 0
1 1.000000
51.558439 27.361325 0
0 0.000000
61.204249 29.999194 0
1 0.000000
51.398085 27.966824 0
0 0.166667
60.915652 31.035359 0
1 0.166667
51.217216 28.546449 0
0 0.333333
60.577209 32.066468 0
1 0.333333
51.016873 29.097642 0
0 0.500000
60.185262 33.090216 0
1 0.500000
50.798507 29.617625 0
0 0.666667
59.736177 34.102941 0
1 0.666667
50.563155 30.105178 0
0 0.833333
59.227091 35.098795 0
1 0.833333
50.311240 30.560701 0
0 1.000000
58.656200 36.070841 0
1 1.000000
49.758771 31.379341 0
0 0.166667
57.324774 37.918118 0
1 0.166667
49.457784 31.745150 0
0 0.333333
56.563834 38.781062 0
1 0.333333
49.138427 32.084683 0
0 0.500000
55.741220 39.594884 0
1 0.500000
48.799708 32.398872 0
0 0.666667
54.859512 40.353667 0
1 0.666667
48.443491 32.686183 0
0 0.833333
53.921535 41.052247 0
1 0.833333
48.075545 32.942963 0
0 1.000000
52.930139 41.685555 0
1 1.000000
47.704249 33.165279 0
0 0.000000
51.888752 42.247675 0
1 0.000000
46.984365 33.498950 0
0 0.333333
49.674258 43.130382 0
1 0.333333
46.647088 33.611757 0
0 0.500000
48.512519 43.436225 0
1 0.500000
46.327532 33.692032 0
0 0.666667
47.324420 43.642218 0
1 0.666667
45.731751 33.766737 0
0 1.000000
44.911165 43.733013 0
1 1.000000
45.154360 33.734128 0
0 0.166667
42.537381 43.385626 0
1 0.166667
35.575977 19.941446 0
0 1.000000
26.445568 24.020125 0
1 1.000000
35.238377 19.185996 0
0 0.000000
26.080080 23.201665 0
1 0.000000
34.905692 18.427576 0
0 0.166667
25.718990 22.377830 0
1 0.166667
34.577700 17.665132 0
0 0.333333
25.362641 21.548774 0
1 0.333333
34.253191 16.895430 0
0 0.500000
25.012271 20.717131 0
1 0.500000
33.929545 16.113013 0
0 0.666667
24.669656 19.888522 0
1 0.666667
33.602954 15.312032 0
0 0.833333
24.336019 19.070213 0
1 0.833333
33.269435 14.489671 0
0 1.000000
24.010640 18.267860 0
1 1.000000
32.926361 13.649170 0
0 0.000000
23.690059 17.482018 0
1 0.000000
32.573720 12.799809 0
0 0.166667
23.368648 16.707064 0
1 0.166667
32.213838 11.952389 0
0 0.333333
23.040904 15.934510 0
1 0.333333
31.849404 11.113205 0
0 0.500000
22.704179 15.158554 0
1 0.500000
31.481251 10.281139 0
0 0.666667
22.359718 14.379632 0
1 0.666667
31.107685 9.449958 0
0 0.833333
22.011032 13.603380 0
1 0.833333
30.725581 8.613445 0
0 1.000000
21.661039 12.836486 0
1 1.000000
30.332318 7.769903 0
0 0.000000
21.309922 12.082253 0
1 0.000000
29.927298 6.923272 0
0 0.166667
20.954910 11.338728 0
1 0.166667
29.511829 6.079812 0
0 0.333333
20.592246 10.600989 0
1 0.333333
29.087463 5.243317 0
0 0.500000
20.219791 9.865481 0
1 0.500000
28.654205 4.412769 0
0 0.666667
19.838242 9.132811 0
1 0.666667
28.210214 3.584218 0
0 0.833333
19.449975 8.406896 0
1 0.833333
27.753338 2.755193 0
0 1.000000
19.056504 7.691292 0
1 1.000000
27.282883 1.927326 0
0 0.000000
18.656972 6.986344 0
1 0.000000
26.799868 1.104820 0
0 0.166667
18.249041 6.289735 0
1 0.166667
26.306147 0.291580 0
0 0.333333
17.830564 5.598603 0
1 0.333333
25.803628 -0.510112 0
0 0.500000
17.400387 4.910731 0
1 0.500000
25.293961 -1.299481 0
0 0.666667
16.958279 4.224685 0
1 0.666667
24.778301 -2.077021 0
0 0.833333
16.504806 3.539854 0
1 0.833333
24.256938 -2.844508 0
0 1.000000
16.041354 2.856736 0
1 1.000000
23.729108 -3.604696 0
0 0.000000
15.569899 2.176940 0
1 0.000000
23.193252 -4.360477 0
0 0.166667
15.092414 1.502664 0
1 0.166667
22.647682 -5.113777 0
0 0.333333
14.610098 0.835781 0
1 0.333333
22.091400 -5.864733 0
0 0.500000
14.122826 0.176941 0
1 0.500000
21.524597 -6.611711 0
0 0.666667
13.629220 -0.474691 0
1 0.666667
20.948719 -7.352007 0
0 0.833333
13.127183 -1.121150 0
1 0.833333
20.366216 -8.082719 0
0 1.000000
12.614550 -1.765150 0
1 1.000000
19.779657 -8.802051 0
0 0.000000
12.090095 -2.409036 0
1 0.000000
19.190062 -9.510939 0
0 0.166667
11.554881 -3.053075 0
1 0.166667
18.595551 -10.213582 0
0 0.333333
11.012711 -3.694338 0
1 0.333333
17.372513 -11.622041 0
0 0.666667
9.928176 -4.945077 0
1 0.666667
16.735153 -12.331809 0
0 0.833333
9.391869 -5.543865 0
1 0.833333
16.078495 -13.040993 0
0 1.000000
8.858744 -6.121803 0
1 1.000000
15.401848 -13.745469 0
0 0.000000
8.327618 -6.677564 0
1 0.000000
14.702047 -14.443846 0
0 0.166667
7.800018 -7.207687 0
1 0.166667
13.973055 -15.136370 0
0 0.333333
7.280033 -7.706467 0
1 0.333333
13.207321 -15.822203 0
0 0.500000
6.773040 -8.167136 0
1 0.500000
12.399049 -16.496118 0
0 0.666667
6.283023 -8.584466 0
1 0.666667
11.544290 -17.149680 0
0 0.833333
5.812790 -8.955176 0
1 0.833333
10.642023 -17.771727 0
0 1.000000
5.364619 -9.277669 0
1 1.000000
9.691927 -18.350988 0
0 0.000000
4.944345 -9.549826 0
1 0.000000
7.632923 -19.339106 0
0 0.333333
4.243901 -9.930890 0
1 0.333333
6.519269 -19.718693 0
0 0.500000
3.990849 -10.043617 0
1 0.500000
5.354648 -19.997030 0
0 0.666667
3.808569 -10.117271 0
1 0.666667
4.148178 -20.155349 0
0 0.833333
3.694104 -10.165664 0
1 0.833333
2.917714 -20.176924 0
0 1.000000
3.635193 -10.202696 0
1 1.000000
0.483705 -19.776420 0
0 0.166667
3.602015 -10.275045 0
1 0.166667
-0.670260 -19.358169 0
0 0.333333
3.586959 -10.309628 0
1 0.333333
-1.755218 -18.808042 0
0 0.500000
3.553714 -10.333655 0
1 0.500000
-3.667142 -17.372268 0
0 0.833333
3.411967 -10.309251 0
1 0.833333
-4.479438 -16.518672 0
0 1.000000
3.304833 -10.241322 0
1 1.000000
-5.189497 -15.599238 0
0 0.000000
3.176537 -10.121149 0
1 0.000000
-6.303567 -13.648588 0
0 0.333333
2.870788 -9.669742 0
1 0.333333
-6.721506 -12.654989 0
0 0.500000
2.705415 -9.318349 0
1 0.500000
-7.341088 -10.684385 0
0 0.833333
2.386502 -8.366199 0
1 0.833333
-7.567578 -9.717415 0
0 1.000000
2.243394 -7.782259 0
1 1.000000
-7.905994 -7.822787 0
0 0.166667
2.000662 -6.459636 0
1 0.166667
-8.033539 -6.886581 0
0 0.333333
1.901263 -5.746535 0
1 0.333333
-8.157270 -5.697412 0
0 0.500000
1.833438 -5.266410 0
1 0.500000
-8.219729 -3.856657 0
0 0.833333
1.778811 -3.685805 0
1 0.833333
-8.234571 -2.985241 0
0 1.000000
1.764628 -2.858622 0
1 1.000000
-8.245494 -2.120499 0
0 0.000000
1.754067 -2.026803 0
1 0.000000
-8.253554 -1.258130 0
0 0.166667
1.746231 -1.192581 0
1 0.166667
-8.259185 -0.396647 0
0 0.333333
1.740734 -0.356478 0
1 0.333333
-8.262631 0.464717 0
0 0.500000
1.737355 0.481166 0
1 0.500000
-8.264035 1.326458 0
0 0.666667
1.735962 1.319981 0
1 0.666667
-8.263464 2.188898 0
0 0.833333
1.736493 2.159583 0
1 0.833333
-8.260919 3.052227 0
0 1.000000
1.738942 2.999592 0
1 1.000000
-8.256355 3.916536 0
0 0.000000
1.743349 3.839629 0
1 0.000000
-8.249684 4.781845 0
0 0.166667
1.749790 4.679308 0
1 0.166667
-8.240782 5.648131 0
0 0.333333
1.758374 5.518216 0
1 0.333333
-8.229496 6.515131 0
0 0.500000
1.769239 6.356105 0
1 0.500000
0 2 1 1
1 2 3 1
2 4 3 1
3 4 5 1
4 6 5 1
5 6 7 1
6 8 7 1
7 8 9 1
8 10 9 1
9 10 11 1
10 12 11 1
11 12 13 1
12 14 13 1
13 14 15 1
14 16 15 1
15 16 17 1
16 18 17 1
17 18 19 1
18 20 19 1
19 20 21 1
20 22 21 1
21 22 23 1
22 24 23 1
23 24 25 1
24 26 25 1
25 26 27 1
26 28 27 1
27 28 29 1
28 30 29 1
29 30 31 1
30 32 31 1
31 32 33 1
32 34 33 1
33 34 35 1
34 36 35 1
35 36 37 1
36 38 37 1
37 38 39 1
38 40 39 1
39 40 41 1
40 42 41 1
41 42 43 1
42 44 43 1
43 44 45 1
44 46 45 1
45 46 47 1
46 48 47 1
47 48 49 1
48 50 49 1
49 50 51 1
50 52 51 1
51 52 53 1
52 54 53 1
53 54 55 1
54 56 55 1
55 56 57 1
56 58 57 1
57 58 59 1
58 60 59 1
59 60 61 1
60 62 61 1
61 62 63 1
62 64 63 1
63 64 65 1
64 66 65 1
65 66 67 1
66 68 67 1
67 68 69 1
68 70 69 1
69 70 71 1
70 72 71 1
71 72 73 1
72 74 73 1
73 74 75 1
74 76 75 1
75 76 77 1
76 78 77 1
77 78 79 1
78 80 79 1
79 80 81 1
80 82 81 1
81 82 83 1
82 84 83 1
83 84 85 1
84 86 85 1
85 86 87 1
86 88 87 1
87 88 89 1
88 90 89 1
89 90 91 1
90 92 91 1
91 92 93 1
92 94 93 1
93 94 95 1
94 96 95 1
95 96 97 1
96 98 97 1
97 98 99 1
98 100 99 1
99 100 101 1
100 102 101 1
101 102 103 1
102 104 103 1
103 104 105 1
104 106 105 1
105 106 107 1
106 108 107 1
107 108 109 1
108 110 109 1
109 110 111 1
110 112 111 1
111 112 113 1
112 114 113 1
113 114 115 1
114 116 115 1
115 116 117 1
116 118 117 1
117 118 119 1
118 120 119 1
119 120 121 1
120 122 121 1
121 122 123 1
122 124 123 1
123 124 125 1
124 126 125 1
125 126 127 1
126 128 127 1
127 128 129 1
128 130 129 1
129 130 131 1
130 132 131 1
131 132 133 1
132 134 133 1
133 134 135 1
134 136 135 1
135 136 137 1
136 138 137 1
137 138 139 1
138 140 139 1
139 140 141 1
140 142 141 1
141 142 143 1
142 144 143 1
143 144 145 1
144 146 145 1
145 146 147 1
146 148 147 1
147 148 149 1
148 150 149 1
149 150 151 1
150 152 151 1
151 152 153 1
152 154 153 1
153 154 155 1
154 156 155 1
155 156 157 1
156 158 157 1
157 158 159 1
158 160 159 1
159 160 161 1
160 162 161 1
161 162 163 1
162 164 163 1
163 164 165 1
164 166 165 1
165 166 167 1
166 168 167 1
167 168 169 1
168 170 169 1
169 170 171 1
170 172 171 1
171 172 173 1
172 174 173 1
173 174 175 1
174 176 175 1
175 176 177 1
176 178 177 1
177 178 179 1
178 180 179 1
179 180 181 1
180 182 181 1
181 182 183 1
182 184 183 1
183 184 185 1
184 186 185 1
185 186 187 1
186 188 187 1
187 188 189 1
188 190 189 1
189 190 191 1
190 192 191 1
191 192 193 1
192 194 193 1
193 194 195 1
194 196 195 1
195 196 197 1
196 198 197 1
197 198 199 1
198 200 199 1
199 200 201 1
200 202 201 1
201 202 203 1
202 204 203 1
203 204 205 1
204 206 205 1
205 206 207 1
206 208 207 1
207 208 209 1
208 210 209 1
209 210 211 1
210 212 211 1
211 212 213 1
212 214 213 1
213 214 215 1
214 216 215 1
215 216 217 1
216 218 217 1
217 218 219 1
218 220 219 1
219 220 221 1
220 222 221 1
221 222 223 1
222 224 223 1
223 224 225 1
224 226 225 1
225 226 227 1
226 228 227 1
227 228 229 1
228 230 229 1
229 230 231 1
230 232 231 1
231 232 233 1
232 234 233 1
233 234 235 1
234 236 235 1
235 236 237 1
236 238 237 1
237 238 239 1
238 240 239 1
239 240 241 1
240 242 241 1
241 242 243 1
242 244 243 1
243 244 245 1
244 246 245 1
245 246 247 1
246 248 247 1
247 248 249 1
248 250 249 1
249 250 251 1
250 252 251 1
251 252 253 1
252 254 253 1
253 254 255 1
254 256 255 1
255 256 257 1
256 258 257 1
257 258 259 1
258 260 259 1
259 260 261 1
260 262 261 1
261 262 263 1
262 264 263 1
263 264 265 1
264 266 265 1
265 266 267 1
266 268 267 1
267 268 269 1
268 270 269 1
269 270 271 1
270 272 271 1
271 272 273 1
272 274 273 1
273 274 275 1
274 276 275 1
275 276 277 1
276 278 277 1
277 278 279 1
278 280 279 1
279 280 281 1
280 282 281 1
281 282 283 1
282 284 283 1
283 284 285 1
284 286 285 1
285 286 287 1
286 288 287 1
287 288 289 1
288 290 289 1
289 290 291 1
290 292 291 1
291 292 293 1
292 294 293 1
293 294 295 1
294 296 295 1
295 296 297 1
296 298 297 1
297 298 299 1
298 300 299 1
299 300 301 1
300 302 301 1
301 302 303 1
302 304 303 1
303 304 305 1
304 306 305 1
305 306 307 1
306 308 307 1
307 308 309 1
308 310 309 1
309 310 311 1
310 312 311 1
311 312 313 1
312 314 313 1
313 314 315 1
314 316 315 1
315 316 317 1
316 318 317 1
317 318 319 1
318 320 319 1
319 320 321 1
320 322 321 1
321 322 323 1
322 324 323 1
323 324 325 1
324 326 325 1
325 326 327 1
326 328 327 1
327 328 329 1
328 330 329 1
329 330 331 1
330 332 331 1
331 332 333 1
332 334 333 1
333 334 335 1
334 336 335 1
335 336 337 1
336 338 337 1
337 338 339 1
338 340 339 1
339 340 341 1
340 342 341 1
341 342 343 1
342 344 343 1
343 344 345 1
344 346 345 1
345 346 347 1
346 348 347 1
347 348 349 1
348 350 349 1
349 350 351 1
350 352 351 1
351 352 353 1
352 354 353 1
353 354 355 1
354 356 355 1
355 356 357 1
356 358 357 1
357 358 359 1
358 360 359 1
359 360 361 1
360 362 361 1
361 362 363 1
362 364 363 1
363 364 365 1
364 366 365 1
365 366 367 1
366 368 367 1
367 368 369 1
368 370 369 1
369 370 371 1
370 372 371 1
371 372 373 1
372 374 373 1
373 374 375 1
374 376 375 1
375 376 377 1
376 378 377 1
377 378 379 1
378 380 379 1
379 380 381 1
380 382 381 1
381 382 383 1
382 384 383 1
383 384 385 1
384 386 385 1
385 386 387 1
386 388 387 1
387 388 389 1
388 390 389 1
389 390 391 1
390 392 391 1
391 392 393 1
392 394 393 1
393 394 395 1
394 396 395 1
395 396 397 1
396 398 397 1
397 398 399 1
398 400 399 1
399 400 401 1
400 402 401 1
401 402 403 1
402 404 403 1
403 404 405 1
404 406 405 1
405 406 407 1
406 408 407 1
407 408 409 1
408 410 409 1
409 410 411 1
410 412 411 1
411 412 413 1
412 414 413 1
413 414 415 1
414 416 415 1
415 416 417 1
416 418 417 1
417 418 419 1
418 420 419 1
419 420 421 1
420 422 421 1
421 422 423 1
422 424 423 1
423 424 425 1
424 426 425 1
425 426 427 1
426 428 427 1
427 428 429 1
428 430 429 1
429 430 431 1
430 432 431 1
431 432 433 1
432 434 433 1
433 434 435 1
434 436 435 1
435 436 437 1
436 438 437 1
437 438 439 1
438 440 439 1
439 440 441 1
440 442 441 1
441 442 443 1
442 444 443 1
443 444 445 1
444 446 445 1
445 446 447 1
446 448 447 1
447 448 449 1
448 450 449 1
449 450 451 1
450 452 451 1
451 452 453 1
452 454 453 1
453 454 455 1
454 456 455 1
455 456 457 1
456 458 457 1
457 458 459 1
458 460 459 1
459 460 461 1
460 462 461 1
461 462 463 1
462 464 463 1
463 464 465 1
464 466 465 1
465 466 467 1
466 468 467 1
467 468 469 1
468 470 469 1
469 470 471 1
470 472 471 1
471 472 473 1
472 474 473 1
473 474 475 1
474 476 475 1
475 476 477 1
476 478 477 1
477 478 479 1
478 480 479 1
479 480 481 1
480 482 481 1
481 482 483 1
482 484 483 1
483 484 485 1
484 486 485 1
485 486 487 1
486 488 487 1
487 488 489 1
488 490 489 1
489 490 491 1
490 492 491 1
491 492 493 1
492 494 493 1
493 494 495 1
494 496 495 1
495 496 497 1
496 498 497 1
497 498 499 1
498 500 499 1
499 500 501 1
500 502 501 1
501 502 503 1
502 504 503 1
503 504 505 1
504 506 505 1
505 506 507 1
506 508 507 1
507 508 509 1
508 510 509 1
509 510 511 1
510 512 511 1
511 512 513 1
512 514 513 1
513 514 515 1
514 516 515 1
515 516 517 1
516 518 517 1
517 518 519 1
518 520 519 1
519 520 521 1
520 522 521 1
521 522 523 1
522 524 523 1
523 524 525 1
524 526 525 1
525 526 527 1
526 528 527 1
527 528 529 1
528 530 529 1
529 530 531 1
530 532 531 1
531 532 533 1
532 534 533 1
533 534 535 1
534 536 535 1
535 536 537 1
536 538 537 1
537 538 539 1
538 540 539 1
539 540 541 1
540 542 541 1
541 542 543 1
542 544 543 1
543 544 545 1
544 546 545 1
545 546 547 1
546 548 547 1
547 548 549 1
548 550 549 1
549 550 551 1
550 552 551 1
551 552 553 1
552 554 553 1
553 554 555 1
554 556 555 1
555 556 557 1
556 558 557 1
557 558 559 1
558 560 559 1
559 560 561 1
560 562 561 1
561 562 563 1
562 564 563 1
563 564 565 1
564 566 565 1
565 566 567 1
566 568 567 1
567 568 569 1
568 570 569 1
569 570 571 1
570 572 571 1
571 572 573 1
572 574 573 1
573 574 575 1
574 576 575 1
575 576 577 1
576 578 577 1
577 578 579 1
578 580 579 1
579 580 581 1
580 582 581 1
581 582 583 1
582 584 583 1
583 584 585 1
584 586 585 1
585 586 587 1
586 588 587 1
587 588 589 1
588 590 589 1
589 590 591 1
590 592 591 1
591 592 593 1
592 594 593 1
593 594 595 1
594 596 595 1
595 596 597 1
596 598 597 1
597 598 599 1
598 600 599 1
599 600 601 1
600 602 601 1
601 602 603 1
602 604 603 1
603 604 605 1
604 606 605 1
605 606 607 1
606 608 607 1
607 608 609 1
608 610 609 1
609 610 611 1
610 612 611 1
611 612 613 1
612 614 613 1
613 614 615 1
614 616 615 1
615 616 617 1
616 618 617 1
617 618 619 1
618 620 619 1
619 620 621 1
620 622 621 1
621 622 623 1
622 624 623 1
623 624 625 1
624 626 625 1
625 626 627 1
626 628 627 1
627 628 629 1
628 630 629 1
629 630 631 1
630 632 631 1
631 632 633 1
632 634 633 1
633 634 635 1
634 636 635 1
635 636 637 1
636 638 637 1
637 638 639 1
638 640 639 1
639 640 641 1
640 642 641 1
641 642 643 1
642 644 643 1
643 644 645 1
644 646 645 1
645 646 647 1
646 648 647 1
647 648 649 1
648 650 649 1
649 650 651 1
650 652 651 1
651 652 653 1
652 654 653 1
653 654 655 1
654 656 655 1
655 656 657 1
656 658 657 1
657 658 659 1
658 660 659 1
659 660 661 1
660 662 661 1
661 662 663 1
662 664 663 1
663 664 665 1
664 666 665 1
665 666 667 1
666 668 667 1
667 668 669 1
668 670 669 1
669 670 671 1
670 672 671 1
671 672 673 1
672 674 673 1
673 674 675 1
674 676 675 1
675 676 677 1
676 678 677 1
677 678 679 1
678 680 679 1
679 680 681 1
680 682 681 1
681 682 683 1
682 684 683 1
683 684 685 1
684 686 685 1
685 686 687 1
686 688 687 1
687 688 689 1
688 690 689 1
689 690 691 1
690 692 691 1
691 692 693 1
692 694 693 1
693 694 695 1
694 696 695 1
695 696 697 1
696 698 697 1
697 698 699 1
698 700 699 1
699 700 701 1
700 702 701 1
701 702 703 1
702 704 703 1
703 704 705 1
704 706 705 1
705 706 707 1
706 708 707 1
707 708 709 1
708 710 709 1
709 710 711 1
710 712 711 1
711 712 713 1
712 714 713 1
713 714 715 1
714 716 715 1
715 716 717 1
716 718 717 1
717 718 719 1
718 720 719 1
719 720 721 1
720 722 721 1
721 722 723 1
722 724 723 1
723 724 725 1
724 726 725 1
725 726 727 1
726 728 727 1
727 728 729 1
728 730 729 1
729 730 731 1
730 732 731 1
731 732 733 1
732 734 733 1
733 734 735 1
734 736 735 1
735 736 737 1
736 738 737 1
737 738 739 1
738 740 739 1
739 740 741 1
740 742 741 1
741 742 743 1
742 744 743 1
743 744 745 1
744 746 745 1
745 746 747 1
746 748 747 1
747 748 749 1
748 750 749 1
749 750 751 1
750 752 751 1
751 752 753 1
752 754 753 1
753 754 755 1
754 756 755 1
755 756 757 1
756 758 757 1
757 758 759 1
758 760 759 1
759 760 761 1
760 762 761 1
761 762 763 1
762 764 763 1
763 764 765 1
764 766 765 1
765 766 767 1
766 768 767 1
767 768 769 1
768 770 769 1
769 770 771 1
770 772 771 1
771 772 773 1
772 774 773 1
773 774 775 1
774 776 775 1
775 776 777 1
776 778 777 1
777 778 779 1
778 780 779 1
779 780 781 1
780 782 781 1
781 782 783 1
782 784 783 1
783 784 785 1
784 786 785 1
785 786 787 1
786 788 787 1
787 788 789 1
788 790 789 1
789 790 791 1
790 792 791 1
791 792 793 1
792 794 793 1
793 794 795 1
794 796 795 1
795 796 797 1
796 798 797 1
797 798 799 1
798 800 799 1
799 800 801 1
800 802 801 1
801 802 803 1
802 804 803 1
803 804 805 1
804 806 805 1
805 806 807 1
806 808 807 1
807 808 809 1
808 810 809 1
809 810 811 1
810 812 811 1
811 812 813 1
812 814 813 1
813 814 815 1
814 816 815 1
815 816 817 1
816 818 817 1
817 818 819 1
818 820 819 1
819 820 821 1
820 822 821 1
821 822 823 1
822 824 823 1
823 824 825 1
824 826 825 1
825 826 827 1
826 828 827 1
827 828 829 1
828 830 829 1
829 830 831 1
830 832 831 1
831 832 833 1
832 834 833 1
833 834 835 1
834 836 835 1
835 836 837 1
836 838 837 1
837 838 839 1
838 840 839 1
839 840 841 1
840 842 841 1
841 842 843 1
842 844 843 1
843 844 845 1
844 846 845 1
845 846 847 1
846 848 847 1
847 848 849 1
848 850 849 1
849 850 851 1
850 852 851 1
851 852 853 1
852 854 853 1
853 854 855 1
854 856 855 1
855 856 857 1
856 858 857 1
857 858 859 1
858 860 859 1
859 860 861 1
860 862 861 1
861 862 863 1
862 864 863 1
863 864 865 1
864 866 865 1
865 866 867 1
866 868 867 1
867 868 869 1
868 870 869 1
869 870 871 1
870 872 871 1
871 872 873 1
872 874 873 1
873 874 875 1
874 876 875 1
875 876 877 1
876 878 877 1
877 878 879 1
878 880 879 1
879 880 881 1
880 882 881 1
881 882 883 1
882 884 883 1
883 884 885 1
884 886 885 1
885 886 887 1
886 888 887 1
887 888 889 1
888 890 889 1
889 890 891 1
890 892 891 1
891 892 893 1
892 894 893 1
893 894 895 1
894 896 895 1
895 896 897 1
896 898 897 1
897 898 899 1
898 900 899 1
899 900 901 1
900 902 901 1
901 902 903 1
902 904 903 1
903 904 905 1
904 906 905 1
905 906 907 1
906 908 907 1
907 908 909 1
908 910 909 1
909 910 911 1
910 912 911 1
911 912 913 1
912 914 913 1
913 914 915 1
914 916 915 1
915 916 917 1
916 918 917 1
917 918 919 1
918 920 919 1
919 920 921 1
920 922 921 1
921 922 923 1
922 924 923 1
923 924 925 1
924 926 925 1
925 926 927 1
926 928 927 1
927 928 929 1
928 930 929 1
929 930 931 1
930 932 931 1
931 932 933 1
932 934 933 1
933 934 935 1
934 936 935 1
935 936 937 1
936 938 937 1
937 938 939 1
938 940 939 1
939 940 941 1
940 942 941 1
941 942 943 1
942 944 943 1
943 944 945 1
944 946 945 1
945 946 947 1
946 948 947 1
947 948 949 1
948 950 949 1
949 950 951 1
950 952 951 1
951 952 953 1
952 954 953 1
953 954 955 1
954 956 955 1
955 956 957 1
956 958 957 1
957 958 959 1
958 960 959 1
959 960 961 1
960 962 961 1
961 962 963 1
962 964 963 1
963 964 965 1
964 966 965 1
965 966 967 1
966 968 967 1
967 968 969 1
968 970 969 1
969 970 971 1
970 972 971 1
971 972 973 1
972 974 973 1
973 974 975 1
974 976 975 1
975 976 977 1
976 978 977 1
977 978 979 1
978 980 979 1
979 980 981 1
980 982 981 1
981 982 983 1
982 984 983 1
983 984 985 1
984 986 985 1
985 986 987 1
986 988 987 1
987 988 989 1
988 990 989 1
989 990 991 1
990 992 991 1
991 992 993 1
992 994 993 1
993 994 995 1
994 996 995 1
995 996 997 1
996 998 997 1
997 998 999 1
998 1000 999 1
999 1000 1001 1
1000 1002 1001 1
1001 1002 1003 1
1002 1004 1003 1
1003 1004 1005 1
1004 1006 1005 1
1005 1006 1007 1
1006 1008 1007 1
1007 1008 1009 1
1008 1010 1009 1
1009 1010 1011 1
1010 1012 1011 1
1011 1012 1013 1
1012 1014 1013 1
1013 1014 1015 1
1014 1016 1015 1
1015 1016 1017 1
1016 1018 1017 1
1017 1018 1019 1
1018 1020 1019 1
1019 1020 1021 1
1020 1022 1021 1
1021 1022 1023 1
1022 1024 1023 1
1023 1024 1025 1
1024 1026 1025 1
1025 1026 1027 1
1026 1028 1027 1
1027 1028 1029 1
1028 1030 1029 1
1029 1030 1031 1
1030 1032 1031 1
1031 1032 1033 1
1032 1034 1033 1
1033 1034 1035 1
1034 1036 1035 1
1035 1036 1037 1
1036 1038 1037 1
1037 1038 1039 1
1038 1040 1039 1
1039 1040 1041 1
1040 1042 1041 1
1041 1042 1043 1
1042 1044 1043 1
1043 1044 1045 1
1044 1046 1045 1
1045 1046 1047 1
1046 1048 1047 1
1047 1048 1049 1
1048 1050 1049 1
1049 1050 1051 1
1050 1052 1051 1
1051 1052 1053 1
1052 1054 1053 1
1053 1054 1055 1
1054 1056 1055 1
1055 1056 1057 1
1056 1058 1057 1
1057 1058 1059 1
1058 1060 1059 1
1059 1060 1061 1
1060 1062 1061 1
1061 1062 1063 1
1062 1064 1063 1
1063 1064 1065 1
1064 1066 1065 1
1065 1066 1067 1
1066 1068 1067 1
1067 1068 1069 1
1068 1070 1069 1
1069 1070 1071 1
1070 1072 1071 1
1071 1072 1073 1
1072 1074 1073 1
1073 1074 1075 1
1074 1076 1075 1
1075 1076 1077 1
1076 1078 1077 1
1077 1078 1079 1
1078 1080 1079 1
1079 1080 1081 1
1080 1082 1081 1
1081 1082 1083 1
1082 1084 1083 1
1083 1084 1085 1
1084 1086 1085 1
1085 1086 1087 1
1086 1088 1087 1
1087 1088 1089 1
1088 1090 1089 1
1089 1090 1091 1
1090 1092 1091 1
1091 1092 1093 1
1092 1094 1093 1
1093 1094 1095 1
1094 1096 1095 1
1095 1096 1097 1
1096 1098 1097 1
1097 1098 1099 1
1098 1100 1099 1
1099 1100 1101 1
1100 1102 1101 1
1101 1102 1103 1
1102 1104 1103 1
1103 1104 1105 1
1104 1106 1105 1
1105 1106 1107 1
1106 1108 1107 1
1107 1108 1109 1
1108 1110 1109 1
1109 1110 1111 1
1110 1112 1111 1
1111 1112 1113 1
1112 1114 1113 1
1113 1114 1115 1
1114 1116 1115 1
1115 1116 1117 1
1116 1118 1117 1
1117 1118 1119 1
1118 1120 1119 1
1119 1120 1121 1
1120 1122 1121 1
1121 1122 1123 1
1122 1124 1123 1
1123 1124 1125 1
1124 1126 1125 1
1125 1126 1127 1
1126 1128 1127 1
1127 1128 1129 1
1128 1130 1129 1
1129 1130 1131 1
1130 1132 1131 1
1131 1132 1133 1
1132 1134 1133 1
1133 1134 1135 1
1134 1136 1135 1
1135 1136 1137 1
1136 1138 1137 1
1137 1138 1139 1
1138 1140 1139 1
1139 1140 1141 1
1140 1142 1141 1
1141 1142 1143 1
1142 1144 1143 1
1143 1144 1145 1
1144 1146 1145 1
1145 1146 1147 1
1146 1148 1147 1
1147 1148 1149 1
1148 1150 1149 1
1149 1150 1151 1
1150 1152 1151 1
1151 1152 1153 1
1152 1154 1153 1
1153 1154 1155 1
1154 1156 1155 1
1155 1156 1157 1
1156 1158 1157 1
1157 1158 1159 1
1158 1160 1159 1
1159 1160 1161 1
1160 1162 1161 1
1161 1162 1163 1
1162 1164 1163 1
1163 1164 1165 1
1164 1166 1165 1
1165 1166 1167 1
1166 1168 1167 1
1167 1168 1169 1
1168 1170 1169 1
1169 1170 1171 1
1170 1172 1171 1
1171 1172 1173 1
1172 1174 1173 1
1173 1174 1175 1
1174 1176 1175 1
1175 1176 1177 1
1176 1178 1177 1
1177 1178 1179 1
1178 1180 1179 1
1179 1180 1181 1
1180 1182 1181 1
1181 1182 1183 1
1182 1184 1183 1
1183 1184 1185 1
1184 1186 1185 1
1185 1186 1187 1
1186 1188 1187 1
1187 1188 1189 1
1188 1190 1189 1
1189 1190 1191 1
1190 1192 1191 1
1191 1192 1193 1
1192 1194 1193 1
1193 1194 1195 1
1194 1196 1195 1
1195 1196 1197 1
1196 1198 1197 1
1197 1198 1199 1
1198 1200 1199 1
1199 1200 1201 1
1200 1202 1201 1
1201 1202 1203 1
1202 1204 1203 1
1203 1204 1205 1
1204 1206 1205 1
1205 1206 1207 1
1206 1208 1207 1
1207 1208 1209 1
1208 1210 1209 1
1209 1210 1211 1
1210 1212 1211 1
1211 1212 1213 1
1212 1214 1213 1
1213 1214 1215 1
1214 1216 1215 1
1215 1216 1217 1
1216 1218 1217 1
1217 1218 1219 1
1218 1220 1219 1
1219 1220 1221 1
1220 1222 1221 1
1221 1222 1223 1
1222 1224 1223 1
1223 1224 1225 1
1224 1226 1225 1
1225 1226 1227 1
1226 1228 1227 1
1227 1228 1229 1
1228 1230 1229 1
1229 1230 1231 1
1230 1232 1231 1
1231 1232 1233 1
1232 1234 1233 1
1233 1234 1235 1
1234 1236 1235 1
1235 1236 1237 1
1236 1238 1237 1
1237 1238 1239 1
1238 1240 1239 1
1239 1240 1241 1
1240 1242 1241 1
1241 1242 1243 1
1242 1244 1243 1
1243 1244 1245 1
1244 1246 1245 1
1245 1246 1247 1
1246 1248 1247 1
1247 1248 1249 1
1248 1250 1249 1
1249 1250 1251 1
1250 1252 1251 1
1251 1252 1253 1
1252 1254 1253 1
1253 1254 1255 1
1254 1256 1255 1
1255 1256 1257 1
1256 1258 1257 1
1257 1258 1259 1
1258 1260 1259 1
1259 1260 1261 1
1260 1262 1261 1
1261 1262 1263 1
1262 1264 1263 1
1263 1264 1265 1
1264 1266 1265 1
1265 1266 1267 1
1266 1268 1267 1
1267 1268 1269 1
1268 1270 1269 1
1269 1270 1271 1
1270 1272 1271 1
1271 1272 1273 1
1272 1274 1273 1
1273 1274 1275 1
1274 1276 1275 1
1275 1276 1277 1
1276 1278 1277 1
1277 1278 1279 1
1278 1280 1279 1
1279 1280 1281 1
1280 1282 1281 1
1281 1282 1283 1
1282 1284 1283 1
1283 1284 1285 1
1284 1286 1285 1
1285 1286 1287 1
1286 1288 1287 1
1287 1288 1289 1
1288 1290 1289 1
1289 1290 1291 1
1290 1292 1291 1
1291 1292 1293 1
1292 1294 1293 1
1293 1294 1295 1
1294 1296 1295 1
1295 1296 1297 1
1296 1298 1297 1
1297 1298 1299 1
1298 1300 1299 1
1299 1300 1301 1
1300 1302 1301 1
1301 1302 1303 1
1302 1304 1303 1
1303 1304 1305 1
1304 1306 1305 1
1305 1306 1307 1
1306 1308 1307 1
1307 1308 1309 1
1308 1310 1309 1
1309 1310 1311 1
1310 1312 1311 1
1311 1312 1313 1
1312 1314 1313 1
1313 1314 1315 1
1314 1316 1315 1
1315 1316 1317 1
1316 1318 1317 1
1317 1318 1319 1
1318 1320 1319 1
1319 1320 1321 1
1320 1322 1321 1
1321 1322 1323 1
1322 1324 1323 1
1323 1324 1325 1
1324 1326 1325 1
1325 1326 1327 1
1326 1328 1327 1
1327 1328 1329 1
1328 1330 1329 1
1329 1330 1331 1
1330 1332 1331 1
1331 1332 1333 1
1332 1334 1333 1
1333 1334 1335 1
1334 1336 1335 1
1335 1336 1337 1
1336 1338 1337 1
1337 1338 1339 1
1338 1340 1339 1
1339 1340 1341 1
1340 1342 1341 1
1341 1342 1343 1
1342 1344 1343 1
1343 1344 1345 1
1344 1346 1345 1
1345 1346 1347 1
1346 1348 1347 1
1347 1348 1349 1
1348 1350 1349 1
1349 1350 1351 1
1350 1352 1351 1
1351 1352 1353 1
1352 1354 1353 1
1353 1354 1355 1
1354 1356 1355 1
1355 1356 1357 1
1356 1358 1357 1
1357 1358 1359 1
1358 1360 1359 1
1359 1360 1361 1
1360 1362 1361 1
1361 1362 1363 1
1362 1364 1363 1
1363 1364 1365 1
1364 1366 1365 1
1365 1366 1367 1
1 0 0 
0 1 0 
0 0 1 
