64 64
-5.000000 0.000000 0.525152
0.000000 0.000000
5.000000 0.000000 0.525152
1.000000 0.000000
-5.173648 0.984808 0.525152
0.000000 0.186978
4.674429 2.721290 0.525152
1.000000 0.186978
-5.515668 1.924500 0.525152
0.000000 0.372534
3.881258 5.344702 0.525152
1.000000 0.372534
-6.015668 2.790526 0.525152
0.000000 0.555254
2.644586 7.790526 0.525152
1.000000 0.555254
-6.658456 3.556570 0.525152
0.000000 0.733749
1.001989 9.984446 0.525152
1.000000 0.733749
-7.424500 4.199358 0.525152
0.000000 0.906659
-0.996624 11.859802 0.525152
1.000000 0.906659
-8.290526 4.699358 0.525152
0.000000 1.072669
-3.290526 13.359612 0.525152
1.000000 1.072669
-9.230218 5.041378 0.525152
0.000000 1.230515
-5.810017 14.438304 0.525152
1.000000 1.230515
-10.215026 5.215026 0.525152
0.000000 1.378996
-8.478544 15.063104 0.525152
1.000000 1.378996
-11.215026 5.215026 0.525152
0.000000 1.516982
-11.215026 15.215026 0.525152
1.000000 1.516982
-12.199834 5.041378 0.525152
0.000000 1.643424
-13.936316 14.889456 0.525152
1.000000 1.643424
-13.139527 4.699358 0.525152
0.000000 1.757357
-16.559728 14.096284 0.525152
1.000000 1.757357
-14.005552 4.199358 0.525152
0.000000 1.857916
-19.005552 12.859612 0.525152
1.000000 1.857916
-14.771596 3.556570 0.525152
0.000000 1.944336
-21.199472 11.217015 0.525152
1.000000 1.944336
-15.414384 2.790526 0.525152
0.000000 2.015957
-23.074828 9.218402 0.525152
1.000000 2.015957
-15.914384 1.924500 0.525152
0.000000 2.072237
-24.574638 6.924500 0.525152
1.000000 2.072237
-16.256404 0.984808 0.525152
0.000000 2.112745
-25.653330 4.405009 0.525152
1.000000 2.112745
-16.430052 0.000000 0.525152
0.000000 2.137173
-26.278130 1.736482 0.525152
1.000000 2.137173
-16.430052 -1.000000 0.525152
0.000000 2.145337
-26.430052 -1.000000 0.525152
1.000000 2.145337
-16.256404 -1.984808 0.525152
0.000000 2.137173
-26.104482 -3.721290 0.525152
1.000000 2.137173
-15.914384 -2.924500 0.525152
0.000000 2.112745
-25.311310 -6.344702 0.525152
1.000000 2.112745
-15.414384 -3.790526 0.525152
0.000000 2.072237
-24.074638 -8.790526 0.525152
1.000000 2.072237
-14.771596 -4.556570 0.525152
0.000000 2.015957
-22.432041 -10.984446 0.525152
1.000000 2.015957
-14.005552 -5.199358 0.525152
0.000000 1.944336
-20.433428 -12.859802 0.525152
1.000000 1.944336
-13.139527 -5.699358 0.525152
0.000000 1.857916
-18.139527 -14.359612 0.525152
1.000000 1.857916
-12.199834 -6.041378 0.525152
0.000000 1.757357
-15.620035 -15.438304 0.525152
1.000000 1.757357
-11.215026 -6.215026 0.525152
0.000000 1.643424
-12.951508 -16.063104 0.525152
1.000000 1.643424
-10.215026 -6.215026 0.525152
0.000000 1.516982
-10.215026 -16.215026 0.525152
1.000000 1.516982
-9.230218 -6.041378 0.525152
0.000000 1.378996
-7.493737 -15.889456 0.525152
1.000000 1.378996
-8.290526 -5.699358 0.525152
0.000000 1.230515
-4.870324 -15.096284 0.525152
1.000000 1.230515
-7.424500 -5.199358 0.525152
0.000000 1.072669
-2.424500 -13.859612 0.525152
1.000000 1.072669
-6.658456 -4.556570 0.525152
0.000000 0.906659
-0.230580 -12.217015 0.525152
1.000000 0.906659
0 2 1 1
1 2 3 1
2 4 3 1
3 4 5 1
4 6 5 1
5 6 7 1
6 8 7 1
7 8 9 1
8 10 9 1
9 10 11 1
10 12 11 1
11 12 13 1
12 14 13 1
13 14 15 1
14 16 15 1
15 16 17 1
16 18 17 1
17 18 19 1
18 20 19 1
19 20 21 1
20 22 21 1
21 22 23 1
22 24 23 1
23 24 25 1
24 26 25 1
25 26 27 1
26 28 27 1
27 28 29 1
28 30 29 1
29 30 31 1
30 32 31 1
31 32 33 1
32 34 33 1
33 34 35 1
34 36 35 1
35 36 37 1
36 38 37 1
37 38 39 1
38 40 39 1
39 40 41 1
40 42 41 1
41 42 43 1
42 44 43 1
43 44 45 1
44 46 45 1
45 46 47 1
46 48 47 1
47 48 49 1
48 50 49 1
49 50 51 1
50 52 51 1
51 52 53 1
52 54 53 1
53 54 55 1
54 56 55 1
55 56 57 1
56 58 57 1
57 58 59 1
58 60 59 1
59 60 61 1
60 62 61 1
61 62 63 1
62 0 63 1
63 0 1 1
-3.444518 -8.386792 0.525152
0.766044 0.642788 0.000000
0.000000 0.000000 1.000000
