0 0 1 
0.0627914 0.998027 0 
0.998027 -0.0627914 0 

31.8519 -3.29514e-012 1 
-0.0654015 -0.997859 0 
-0.997859 0.0654015 0 

27.187 -11.262 1 
-0.707107 -0.707106 0 
-0.707106 0.707107 0 

-8.16833 -46.6173 1 
-0.693088 -0.720853 0 
-0.720853 0.693088 0 

-26.8157 -91.636 1 
-1.14441e-006 -1 0 
-1 1.14441e-006 0 

-26.8157 -115.707 6.72078 
0 -0.877583 0.479426 
-0.877583 0 0 

-26.8157 -139.574 13.2406 
0 -1 0 
-1 0 0 

-26.8157 -163.645 7.51983 
0 -0.877584 -0.479424 
-0.877584 -0 0 

-26.8157 -187.512 1 
-0.0627915 -0.998027 0 
-0.998027 0.0627915 0 

-58.6676 -187.512 1 
0.0654028 0.997859 0 
0.997859 -0.0654028 0 

-54.0027 -176.25 1 
0.707107 0.707107 0 
0.707107 -0.707107 0 

-18.6474 -140.895 1 
0.693088 0.720853 0 
0.720853 -0.693088 0 

-7.62939e-005 -95.8762 1 
0 1 0 
1 0 0 

-7.62939e-005 -71.8051 -4.72078 
0 0.877583 -0.479426 
0.877583 -0 0 

-7.62939e-005 -47.9381 -11.2406 
0 1 0 
1 0 0 

-7.62939e-005 -23.867 -5.51983 
0 0.877583 0.479425 
0.877583 0 0 

